3 0.26953125 0.14609375 0.021875 0.046875
2 0.55625 0.2234375 0.01875 0.04375
2 0.5140625 0.19921875 0.021875 0.053125
2 0.6578125 0.2234375 0.0234375 0.0515625
2 0.47578125 0.25625 0.021875 0.053125
3 0.60546875 0.3140625 0.0265625 0.0609375
2 0.59609375 0.31015625 0.025 0.059375
2 0.6796875 0.26015625 0.025 0.0515625
2 0.446875 0.31796875 0.0328125 0.06875
2 0.296875 0.19296875 0.0265625 0.0546875
2 0.803125 0.43125 0.028125 0.0703125
2 0.39296875 0.25859375 0.025 0.059375
2 0.8328125 0.46953125 0.034375 0.075
2 0.2296875 0.29765625 0.025 0.0671875
2 0.49609375 0.3234375 0.028125 0.0671875
2 0.60390625 0.3859375 0.0265625 0.065625
2 0.7890625 0.3859375 0.028125 0.0671875
2 0.36484375 0.41171875 0.03125 0.075
2 0.8828125 0.6390625 0.0359375 0.08125
2 0.59140625 0.56953125 0.0390625 0.103125
2 0.3703125 0.5421875 0.04375 0.0875
2 0.88671875 0.715625 0.0390625 0.0890625
0 0.3859375 0.28359375 0.0078125 0.0140625