2 0.453125 0.24609375 0.015625 0.0421875
2 0.4609375 0.2625 0.0125 0.040625
2 0.578125 0.29765625 0.0125 0.040625
3 0.1703125 0.25546875 0.0125 0.0390625
3 0.54375 0.33046875 0.0140625 0.0546875
2 0.625 0.2609375 0.0171875 0.05
2 0.375 0.3484375 0.015625 0.0578125
2 0.78671875 0.40703125 0.0234375 0.0703125
2 0.41015625 0.3015625 0.015625 0.053125
2 0.58359375 0.334375 0.015625 0.0546875
2 0.39609375 0.35 0.0140625 0.0546875
2 0.60859375 0.26171875 0.015625 0.05
2 0.7359375 0.36328125 0.015625 0.0578125
2 0.0703125 0.4265625 0.015625 0.0625
2 0.1953125 0.3109375 0.01875 0.05
2 0.7921875 0.53125 0.025 0.0734375
2 0.75859375 0.4203125 0.021875 0.0578125
2 0.6953125 0.32890625 0.0234375 0.0625
2 0.52890625 0.42109375 0.0265625 0.0625
2 0.70625 0.6890625 0.028125 0.0859375
2 0.225 0.39921875 0.0203125 0.059375
2 0.21875 0.58515625 0.025 0.08125
0 0.2046875 0.33203125 0.00625 0.0125