0 0.55234375 0.47421875 0.0078125 0.0125
3 0.41015625 0.1953125 0.0203125 0.040625
2 0.45859375 0.2390625 0.0203125 0.0359375
2 0.70546875 0.35625 0.0265625 0.053125
2 0.76796875 0.38203125 0.021875 0.05625
2 0.56484375 0.45390625 0.028125 0.059375
2 0.7796875 0.48046875 0.0265625 0.0671875
2 0.68515625 0.48203125 0.03125 0.0640625
2 0.50546875 0.340625 0.0203125 0.0546875
3 0.340625 0.38515625 0.0234375 0.0578125
2 0.409375 0.27890625 0.01875 0.05
2 0.3984375 0.37734375 0.0234375 0.0578125
3 0.9125 0.865625 0.0421875 0.096875
2 0.56484375 0.528125 0.0234375 0.065625
2 0.2546875 0.35859375 0.0234375 0.0625
2 0.10859375 0.49296875 0.0265625 0.0703125
2 0.40703125 0.7203125 0.0328125 0.084375
2 0.63359375 0.6421875 0.0296875 0.08125
2 0.3609375 0.4609375 0.025 0.0671875
2 0.2328125 0.4125 0.028125 0.0671875
2 0.86640625 0.5890625 0.0375 0.078125
2 0.2609375 0.44609375 0.0296875 0.06875
2 0.2890625 0.61015625 0.028125 0.075
2 0.153125 0.5125 0.0265625 0.0765625