3 0.340625 0.30390625 0.0078125 0.025
2 0.45 0.353125 0.0125 0.034375
3 0.49921875 0.39375 0.0109375 0.034375
2 0.6328125 0.43984375 0.0109375 0.0359375
1 0.91484375 0.44375 0.0140625 0.0390625
2 0.63125 0.53046875 0.0109375 0.0421875
2 0.6546875 0.44453125 0.0125 0.0390625
2 0.63984375 0.39375 0.0109375 0.0296875
2 0.51796875 0.41328125 0.0109375 0.034375
2 0.6703125 0.41328125 0.0109375 0.034375
2 0.615625 0.42265625 0.0109375 0.034375
2 0.54296875 0.38984375 0.009375 0.0328125
2 0.5 0.459375 0.0140625 0.0390625
2 0.6796875 0.63515625 0.015625 0.053125
2 0.83671875 0.671875 0.015625 0.05
2 0.62265625 0.47734375 0.0109375 0.0390625
2 0.4296875 0.6328125 0.0140625 0.053125
2 0.4125 0.53828125 0.015625 0.040625
2 0.71171875 0.49921875 0.0140625 0.0453125
1 0.15546875 0.46640625 0.0109375 0.040625
2 0.25859375 0.421875 0.0109375 0.0359375
3 0.82421875 0.69296875 0.0171875 0.05625
2 0.77421875 0.6078125 0.0140625 0.0390625
2 0.4375 0.50078125 0.0140625 0.0453125
2 0.6390625 0.3734375 0.0109375 0.0359375
0 0.3375 0.6046875 0.0078125 0.0125