3 0.14296875 0.28671875 0.0171875 0.0421875
0 0.77578125 0.528125 0.0078125 0.0109375
2 0.715625 0.30078125 0.0171875 0.05
2 0.77890625 0.33125 0.01875 0.053125
2 0.51953125 0.365625 0.0234375 0.053125
2 0.48359375 0.25390625 0.015625 0.0375
2 0.815625 0.3703125 0.028125 0.065625
2 0.53515625 0.29921875 0.015625 0.046875
2 0.196875 0.4125 0.0171875 0.0546875
2 0.5921875 0.71953125 0.0359375 0.0765625
2 0.31328125 0.38671875 0.01875 0.053125
3 0.77890625 0.3765625 0.0265625 0.0578125
1 0.8796875 0.34140625 0.021875 0.0578125
2 0.3859375 0.31328125 0.01875 0.046875
2 0.7296875 0.4171875 0.021875 0.053125
2 0.79921875 0.50078125 0.0265625 0.0671875
2 0.66171875 0.3859375 0.01875 0.0515625
2 0.18359375 0.56171875 0.0234375 0.0671875
2 0.215625 0.584375 0.03125 0.0734375
2 0.43671875 0.6515625 0.028125 0.071875
2 0.26328125 0.6296875 0.0296875 0.078125
2 0.53828125 0.490625 0.03125 0.065625
2 0.44375 0.48828125 0.01875 0.06875
2 0.7171875 0.32109375 0.0203125 0.05