3 0.271875 0.18984375 0.01875 0.0421875
3 0.65 0.446875 0.0234375 0.0515625
2 0.73984375 0.37734375 0.0234375 0.053125
2 0.32890625 0.41171875 0.028125 0.0578125
2 0.73984375 0.39296875 0.0265625 0.0515625
0 0.54453125 0.6046875 0.009375 0.0125
2 0.584375 0.259375 0.01875 0.040625
2 0.6015625 0.58515625 0.04375 0.0734375
2 0.434375 0.4109375 0.0296875 0.0625
2 0.653125 0.46796875 0.028125 0.0609375
2 0.80078125 0.4265625 0.0203125 0.05625
2 0.259375 0.39375 0.0265625 0.0578125
2 0.5828125 0.33671875 0.021875 0.0515625
2 0.33515625 0.76171875 0.040625 0.0875
2 0.159375 0.5046875 0.0328125 0.0734375
2 0.87890625 0.52421875 0.0234375 0.0625
2 0.39921875 0.2921875 0.0234375 0.0484375
2 0.2015625 0.64765625 0.034375 0.0796875
2 0.13359375 0.5796875 0.03125 0.08125
2 0.4421875 0.45234375 0.0328125 0.059375
2 0.38828125 0.49296875 0.0328125 0.0671875
2 0.58671875 0.590625 0.0421875 0.075
2 0.2203125 0.5640625 0.0390625 0.0796875