2 0.62578125 0.27578125 0.025 0.0484375
2 0.62265625 0.2953125 0.0265625 0.0453125
2 0.5046875 0.2546875 0.0203125 0.0421875
3 0.3296875 0.1671875 0.0203125 0.040625
2 0.49609375 0.24375 0.025 0.046875
2 0.728125 0.42421875 0.021875 0.0515625
2 0.3109375 0.20078125 0.0203125 0.046875
2 0.57265625 0.2796875 0.0234375 0.05
2 0.7546875 0.35625 0.025 0.0515625
2 0.496875 0.3140625 0.028125 0.0546875
2 0.48046875 0.3015625 0.0265625 0.053125
2 0.71796875 0.35390625 0.03125 0.053125
2 0.6296875 0.4125 0.03125 0.059375
2 0.81328125 0.41640625 0.03125 0.0578125
2 0.32734375 0.25078125 0.03125 0.053125
2 0.8484375 0.4375 0.0265625 0.05625
3 0.6609375 0.36171875 0.0296875 0.0546875
2 0.79765625 0.48046875 0.034375 0.0640625
2 0.22734375 0.29921875 0.028125 0.0578125
2 0.80390625 0.62890625 0.0328125 0.06875
2 0.30703125 0.47421875 0.0359375 0.0765625
2 0.759375 0.7 0.040625 0.08125
0 0.4234375 0.25 0.0078125 0.009375