2 0.5328125 0.2453125 0.01875 0.046875
2 0.5375 0.2640625 0.021875 0.0453125
2 0.41171875 0.27109375 0.015625 0.0421875
3 0.2171875 0.25546875 0.015625 0.040625
2 0.4 0.2640625 0.01875 0.046875
2 0.6828125 0.34453125 0.015625 0.0515625
2 0.2125 0.29375 0.015625 0.046875
2 0.48515625 0.26875 0.0171875 0.05
2 0.68203125 0.27109375 0.01875 0.0515625
2 0.42734375 0.32890625 0.021875 0.0546875
2 0.4078125 0.3234375 0.0203125 0.053125
2 0.64765625 0.2828125 0.0234375 0.053125
2 0.5875 0.3703125 0.0234375 0.059375
2 0.759375 0.30546875 0.025 0.0578125
2 0.246875 0.33359375 0.025 0.0515625
2 0.79921875 0.3109375 0.01875 0.05625
3 0.59765625 0.31171875 0.021875 0.053125
2 0.76796875 0.3703125 0.0265625 0.0625
2 0.171875 0.415625 0.021875 0.05625
2 0.83046875 0.50546875 0.025 0.0671875
2 0.31171875 0.5484375 0.0265625 0.0765625
2 0.815625 0.58828125 0.0296875 0.0796875
0 0.33515625 0.296875 0.0078125 0.009375