2 0.55703125 0.2234375 0.015625 0.03125
3 0.25234375 0.1875 0.0140625 0.0484375
2 0.69765625 0.25078125 0.0234375 0.053125
2 0.6828125 0.24609375 0.01875 0.0484375
2 0.50546875 0.2671875 0.0171875 0.05625
3 0.56328125 0.31015625 0.0234375 0.059375
2 0.26484375 0.25 0.01875 0.059375
2 0.58984375 0.3140625 0.0203125 0.05625
2 0.34609375 0.60625 0.0265625 0.0921875
2 0.396875 0.2921875 0.01875 0.0625
2 0.20703125 0.35546875 0.021875 0.0703125
2 0.35625 0.3546875 0.01875 0.06875
2 0.45234375 0.38515625 0.021875 0.0671875
2 0.78671875 0.38515625 0.021875 0.0703125
2 0.37421875 0.4765625 0.0203125 0.0765625
2 0.80625 0.35390625 0.01875 0.0703125
2 0.62734375 0.41640625 0.025 0.0703125
2 0.82578125 0.4546875 0.025 0.071875
2 0.85546875 0.71484375 0.028125 0.090625
2 0.54453125 0.65390625 0.03125 0.0859375
2 0.88125 0.615625 0.025 0.0828125
0 0.5109375 0.22890625 0.00625 0.0109375
2 0.51171875 0.21015625 0.01875 0.0484375