3 0.35625 0.23125 0.015625 0.0296875
0 0.42890625 0.6578125 0.009375 0.0125
2 0.4046875 0.60859375 0.040625 0.0609375
2 0.13515625 0.56953125 0.0390625 0.075
2 0.634375 0.41328125 0.0203125 0.05
2 0.5171875 0.38984375 0.021875 0.05
2 0.2765625 0.56640625 0.0296875 0.0703125
2 0.334375 0.640625 0.0296875 0.0625
2 0.678125 0.41796875 0.025 0.0484375
2 0.2578125 0.43125 0.025 0.0578125
3 0.3375 0.434375 0.0265625 0.0578125
2 0.321875 0.628125 0.0390625 0.078125
2 0.35234375 0.3359375 0.025 0.0484375
3 0.896875 0.84765625 0.040625 0.0828125
2 0.6296875 0.571875 0.0296875 0.0578125
2 0.18984375 0.5328125 0.034375 0.071875
2 0.29140625 0.58359375 0.0375 0.06875
2 0.25625 0.603125 0.03125 0.065625
2 0.5390625 0.490625 0.0265625 0.05625
2 0.7328125 0.471875 0.028125 0.05625
2 0.84921875 0.690625 0.0328125 0.075
2 0.37734375 0.49375 0.0296875 0.065625
2 0.51015625 0.63125 0.03125 0.065625
2 0.5015625 0.28515625 0.01875 0.0421875