2 0.5859375 0.23125 0.01875 0.0328125
3 0.2859375 0.16328125 0.01875 0.05
2 0.72265625 0.27265625 0.0296875 0.0546875
2 0.70859375 0.26640625 0.0234375 0.0484375
2 0.5296875 0.26953125 0.0234375 0.05625
3 0.5828125 0.31796875 0.028125 0.0609375
2 0.2921875 0.2265625 0.025 0.0609375
2 0.60859375 0.32421875 0.025 0.0578125
2 0.3359375 0.58984375 0.034375 0.0921875
2 0.41875 0.2828125 0.025 0.0625
2 0.2234375 0.325 0.0296875 0.0703125
2 0.37265625 0.340625 0.0265625 0.06875
2 0.4640625 0.38046875 0.028125 0.06875
2 0.796875 0.41640625 0.0296875 0.0703125
2 0.37734375 0.46328125 0.028125 0.0765625
2 0.81953125 0.38671875 0.0265625 0.0703125
2 0.63515625 0.4296875 0.0328125 0.071875
2 0.828125 0.4890625 0.03125 0.0734375
2 0.83125 0.75078125 0.0375 0.0921875
2 0.528125 0.6578125 0.0390625 0.0859375
2 0.8671875 0.6546875 0.0328125 0.0828125
0 0.53984375 0.23125 0.00625 0.0109375
2 0.5421875 0.21328125 0.0234375 0.05