3 0.39765625 0.2234375 0.0125 0.0375
2 0.7515625 0.296875 0.009375 0.0453125
2 0.57734375 0.25390625 0.0125 0.0390625
3 0.615625 0.32421875 0.0140625 0.0515625
2 0.61328125 0.371875 0.0171875 0.053125
2 0.74140625 0.3203125 0.0125 0.0515625
2 0.4203125 0.31796875 0.0140625 0.0484375
2 0.76171875 0.36640625 0.0140625 0.059375
2 0.58125 0.4 0.0140625 0.0625
2 0.790625 0.36796875 0.015625 0.0578125
2 0.6578125 0.43125 0.0140625 0.0609375
2 0.821875 0.40703125 0.0125 0.065625
2 0.48984375 0.43828125 0.0171875 0.0609375
2 0.88671875 0.5109375 0.0171875 0.0703125
2 0.44609375 0.69296875 0.01875 0.0765625
2 0.34140625 0.44375 0.015625 0.0609375
2 0.51171875 0.54921875 0.0171875 0.071875
1 0.065625 0.46796875 0.0125 0.0609375
2 0.9 0.61171875 0.01875 0.0703125
2 0.43203125 0.509375 0.01875 0.0671875
2 0.5890625 0.69453125 0.0265625 0.0875
2 0.66015625 0.5140625 0.01875 0.0703125
2 0.78359375 0.64921875 0.0234375 0.078125