2 0.49375 0.2421875 0.0140625 0.040625
2 0.4984375 0.259375 0.0109375 0.040625
2 0.60859375 0.3125 0.0109375 0.040625
3 0.2125 0.20625 0.0125 0.0390625
3 0.5703125 0.33984375 0.0140625 0.0546875
2 0.6609375 0.28359375 0.015625 0.05
2 0.40078125 0.33125 0.0140625 0.0578125
2 0.79765625 0.45234375 0.0234375 0.0703125
2 0.44296875 0.28984375 0.0140625 0.053125
2 0.60859375 0.34921875 0.015625 0.053125
2 0.4203125 0.33515625 0.0125 0.0546875
2 0.64453125 0.28125 0.015625 0.0484375
2 0.7546875 0.4015625 0.015625 0.0578125
2 0.08671875 0.36015625 0.0140625 0.0625
2 0.22890625 0.265625 0.01875 0.05
2 0.78359375 0.5765625 0.025 0.0734375
2 0.76796875 0.46171875 0.0203125 0.0578125
2 0.71953125 0.36171875 0.021875 0.0625
2 0.54140625 0.4265625 0.025 0.0625
2 0.67421875 0.71875 0.0265625 0.0859375
2 0.24453125 0.3578125 0.0203125 0.059375
2 0.209375 0.53984375 0.0234375 0.08125
0 0.234375 0.28828125 0.00625 0.0125