2 0.5625 0.27421875 0.0171875 0.0328125
2 0.2125 0.41328125 0.01875 0.034375
2 0.57890625 0.328125 0.015625 0.0359375
1 0.7890625 0.28359375 0.0234375 0.0484375
2 0.68515625 0.30859375 0.01875 0.0390625
2 0.90390625 0.390625 0.0234375 0.05
2 0.50390625 0.3109375 0.01875 0.0359375
2 0.60390625 0.3671875 0.028125 0.046875
2 0.2328125 0.4453125 0.0234375 0.0375
2 0.36328125 0.4609375 0.0203125 0.046875
2 0.3265625 0.340625 0.015625 0.034375
2 0.3078125 0.42109375 0.021875 0.0453125
2 0.178125 0.53046875 0.0234375 0.0484375
3 0.4234375 0.44453125 0.021875 0.0515625
2 0.56171875 0.3875 0.021875 0.0421875
2 0.76640625 0.45078125 0.025 0.0484375
2 0.2875 0.565625 0.0296875 0.0578125
2 0.25390625 0.6890625 0.034375 0.0625
2 0.40546875 0.678125 0.03125 0.0703125
2 0.1640625 0.66953125 0.0296875 0.06875
2 0.790625 0.62421875 0.040625 0.0734375
2 0.146875 0.6875 0.0359375 0.06875
3 0.11484375 0.378125 0.015625 0.0328125