2 0.22421875 0.47421875 0.0265625 0.053125
2 0.509375 0.35390625 0.015625 0.0421875
2 0.3421875 0.32578125 0.0203125 0.0296875
2 0.4140625 0.34375 0.0140625 0.0375
2 0.409375 0.35078125 0.0203125 0.0421875
2 0.234375 0.484375 0.0265625 0.05
2 0.71015625 0.35078125 0.0171875 0.046875
2 0.4859375 0.33203125 0.0171875 0.0421875
2 0.51015625 0.40703125 0.01875 0.0453125
2 0.6625 0.31171875 0.015625 0.0421875
3 0.525 0.40546875 0.028125 0.046875
2 0.6578125 0.51015625 0.01875 0.0546875
2 0.34296875 0.403125 0.01875 0.0421875
2 0.70390625 0.38203125 0.0234375 0.046875
2 0.2875 0.6828125 0.0359375 0.0671875
2 0.57890625 0.70859375 0.0359375 0.0734375
2 0.37890625 0.33984375 0.0203125 0.0328125
2 0.25625 0.40703125 0.01875 0.046875
2 0.57578125 0.3515625 0.01875 0.046875
2 0.80078125 0.4484375 0.0234375 0.05625
2 0.22265625 0.61328125 0.025 0.059375
3 0.2890625 0.3109375 0.021875 0.0390625