2 0.60390625 0.23046875 0.0140625 0.0328125
2 0.22578125 0.25 0.0140625 0.0390625
1 0.80546875 0.3046875 0.0140625 0.0375
2 0.61875 0.25703125 0.0109375 0.034375
2 0.28671875 0.28359375 0.0140625 0.040625
2 0.18671875 0.290625 0.015625 0.0453125
2 0.25234375 0.27109375 0.0140625 0.0390625
3 0.38984375 0.3765625 0.01875 0.0484375
2 0.621875 0.315625 0.0140625 0.040625
2 0.72421875 0.31953125 0.015625 0.040625
2 0.2109375 0.3 0.015625 0.046875
2 0.325 0.35859375 0.0171875 0.05
2 0.759375 0.51015625 0.0203125 0.0609375
2 0.54453125 0.2859375 0.0171875 0.0375
2 0.1515625 0.42890625 0.0171875 0.05625
2 0.51640625 0.28125 0.01875 0.0359375
2 0.3 0.3484375 0.021875 0.0484375
2 0.5625 0.4859375 0.021875 0.0609375
2 0.221875 0.5421875 0.021875 0.065625
2 0.22265625 0.375 0.021875 0.0546875
2 0.18359375 0.67578125 0.040625 0.0765625
3 0.225 0.21171875 0.0109375 0.0328125
2 0.2328125 0.23515625 0.0109375 0.034375
0 0.77890625 0.309375 0.00625 0.009375