0 0.85703125 0.6984375 0.00625 0.0109375
2 0.26015625 0.62109375 0.0125 0.0453125
2 0.5734375 0.546875 0.0109375 0.0390625
2 0.53203125 0.46796875 0.009375 0.03125
2 0.3625 0.48125 0.0078125 0.03125
1 0.8515625 0.50546875 0.009375 0.0390625
2 0.3203125 0.5453125 0.009375 0.0453125
2 0.4109375 0.55390625 0.009375 0.0421875
2 0.41875 0.61015625 0.0125 0.0453125
2 0.55703125 0.56171875 0.009375 0.0453125
3 0.4625 0.59140625 0.0109375 0.04375
2 0.5078125 0.6640625 0.0109375 0.0515625
2 0.6265625 0.67734375 0.021875 0.05
2 0.30546875 0.53203125 0.009375 0.0390625
2 0.27578125 0.646875 0.0125 0.046875
2 0.2328125 0.6953125 0.0125 0.0515625
3 0.95 0.83984375 0.0265625 0.065625
2 0.27109375 0.79921875 0.0171875 0.0640625
2 0.8796875 0.6875 0.0203125 0.0546875
2 0.46015625 0.69140625 0.0125 0.0546875
2 0.40859375 0.88984375 0.0171875 0.0671875
2 0.5015625 0.69453125 0.01875 0.0546875
2 0.06171875 0.81171875 0.0171875 0.05625
2 0.26328125 0.61015625 0.0125 0.0453125
3 0.33671875 0.4140625 0.00625 0.0265625