2 0.30078125 0.48359375 0.015625 0.040625
2 0.5171875 0.43671875 0.0125 0.0296875
1 0.80625 0.5609375 0.0171875 0.0421875
2 0.34765625 0.440625 0.0109375 0.028125
2 0.409375 0.50546875 0.015625 0.040625
2 0.68515625 0.7046875 0.0203125 0.0515625
2 0.25390625 0.5359375 0.015625 0.04375
2 0.55703125 0.534375 0.0140625 0.0375
2 0.4875 0.61953125 0.0171875 0.05
2 0.39765625 0.559375 0.015625 0.04375
2 0.43125 0.6671875 0.0203125 0.05
2 0.2140625 0.62890625 0.0171875 0.0515625
3 0.421875 0.5734375 0.0171875 0.0421875
2 0.32734375 0.4765625 0.0140625 0.0375
3 0.85625 0.91796875 0.0296875 0.065625
2 0.2765625 0.54296875 0.01875 0.046875
2 0.51796875 0.528125 0.01875 0.0359375
2 0.7375 0.63828125 0.015625 0.0453125
2 0.5421875 0.73828125 0.028125 0.0609375
2 0.29765625 0.5828125 0.01875 0.0484375
2 0.23671875 0.721875 0.0265625 0.0578125
2 0.0765625 0.74453125 0.028125 0.0609375
2 0.365625 0.86796875 0.0296875 0.0703125
0 0.678125 0.7171875 0.00625 0.009375
3 0.36171875 0.3796875 0.0125 0.028125