3 0.44375 0.25 0.0109375 0.034375
2 0.79609375 0.39765625 0.0109375 0.04375
2 0.7875 0.3328125 0.0109375 0.0390625
2 0.72890625 0.2859375 0.009375 0.0359375
2 0.76171875 0.32109375 0.0109375 0.0390625
2 0.7703125 0.38984375 0.0125 0.040625
1 0.16640625 0.35859375 0.0125 0.0453125
2 0.48046875 0.2953125 0.009375 0.0390625
2 0.6296875 0.38984375 0.015625 0.05
2 0.24609375 0.4578125 0.01875 0.0484375
2 0.68046875 0.4125 0.0140625 0.0453125
2 0.44140625 0.38984375 0.0125 0.0453125
2 0.5859375 0.33515625 0.009375 0.040625
2 0.3421875 0.66015625 0.0265625 0.06875
2 0.421875 0.43046875 0.0125 0.046875
2 0.19453125 0.46015625 0.0171875 0.0546875
3 0.62109375 0.43203125 0.0140625 0.046875
2 0.778125 0.478125 0.0140625 0.05625
2 0.1734375 0.628125 0.0296875 0.0625
2 0.8078125 0.56484375 0.0171875 0.0640625
2 0.51796875 0.48515625 0.01875 0.053125
3 0.8609375 0.965625 0.034375 0.06875
2 0.84140625 0.59609375 0.0171875 0.0578125
0 0.1859375 0.6546875 0.0078125 0.0125
2 0.8 0.40703125 0.0140625 0.0453125