2 0.39921875 0.42890625 0.015625 0.040625
1 0.0234375 0.3875 0.0171875 0.040625
2 0.4609375 0.3078125 0.0109375 0.0265625
2 0.284375 0.3984375 0.0109375 0.04375
2 0.28046875 0.4953125 0.0234375 0.0515625
2 0.6078125 0.3765625 0.009375 0.0359375
2 0.478125 0.36328125 0.0109375 0.0359375
2 0.2921875 0.39921875 0.0140625 0.0453125
2 0.340625 0.35 0.0109375 0.0359375
2 0.40859375 0.31953125 0.009375 0.034375
3 0.396875 0.44453125 0.015625 0.0453125
2 0.896875 0.440625 0.0140625 0.04375
2 0.67734375 0.3453125 0.0125 0.0359375
2 0.4703125 0.50859375 0.0125 0.0484375
2 0.584375 0.40546875 0.0109375 0.0390625
2 0.5984375 0.446875 0.0125 0.0421875
2 0.46015625 0.46484375 0.0140625 0.046875
2 0.3359375 0.4625 0.0125 0.046875
3 0.94765625 0.865625 0.0265625 0.08125
2 0.81171875 0.521875 0.01875 0.046875
2 0.26796875 0.58515625 0.015625 0.0578125
2 0.35703125 0.5484375 0.0171875 0.05625
2 0.43984375 0.80234375 0.0328125 0.071875
0 0.80390625 0.5390625 0.00625 0.009375
2 0.55234375 0.28828125 0.0140625 0.034375
3 0.37265625 0.27578125 0.0109375 0.028125