3 0.20859375 0.36484375 0.0109375 0.0265625
2 0.3671875 0.38984375 0.0078125 0.0328125
2 0.25078125 0.42421875 0.0109375 0.0375
1 0.840625 0.44453125 0.009375 0.0375
2 0.25703125 0.459375 0.0078125 0.0359375
2 0.74921875 0.49296875 0.0109375 0.0453125
2 0.35546875 0.415625 0.009375 0.0328125
3 0.45546875 0.52109375 0.0109375 0.0453125
2 0.62890625 0.434375 0.0078125 0.040625
2 0.45234375 0.48125 0.0078125 0.0390625
3 0.9625 0.68515625 0.025 0.059375
2 0.203125 0.7265625 0.0171875 0.065625
2 0.575 0.42109375 0.0109375 0.040625
2 0.20859375 0.4734375 0.0109375 0.04375
2 0.32890625 0.60625 0.0125 0.0546875
2 0.8609375 0.69765625 0.015625 0.071875
2 0.73515625 0.53515625 0.0125 0.05
2 0.42890625 0.49375 0.0125 0.0453125
2 0.4484375 0.82421875 0.0234375 0.0671875
2 0.1828125 0.53125 0.0125 0.04375
2 0.78828125 0.63984375 0.0171875 0.059375
2 0.42421875 0.60546875 0.015625 0.0546875
2 0.1828125 0.625 0.015625 0.0546875
2 0.3078125 0.76484375 0.0140625 0.06875
0 0.82578125 0.4515625 0.00625 0.009375