2 0.53046875 0.2125 0.0140625 0.0328125
2 0.1703125 0.3296875 0.0140625 0.040625
1 0.74453125 0.23203125 0.015625 0.0375
2 0.5515625 0.234375 0.0125 0.034375
2 0.2375 0.34609375 0.0140625 0.040625
2 0.14296875 0.37890625 0.015625 0.0453125
2 0.2015625 0.34296875 0.0140625 0.040625
3 0.36171875 0.40859375 0.01875 0.0484375
2 0.5703125 0.290625 0.0140625 0.040625
2 0.6703125 0.26796875 0.0171875 0.040625
2 0.16953125 0.38125 0.0171875 0.046875
2 0.29453125 0.40859375 0.01875 0.05
2 0.753125 0.4421875 0.0203125 0.0609375
2 0.4875 0.28203125 0.01875 0.0375
2 0.14453125 0.521875 0.01875 0.05625
2 0.459375 0.284375 0.0203125 0.0375
2 0.2671875 0.40546875 0.0234375 0.0484375
2 0.55625 0.4703125 0.0234375 0.0609375
2 0.2421875 0.6125 0.0234375 0.065625
2 0.19921875 0.45078125 0.021875 0.0546875
2 0.23984375 0.75234375 0.040625 0.0765625
3 0.16015625 0.29296875 0.0109375 0.0328125
2 0.1734375 0.31328125 0.0109375 0.034375
0 0.7203125 0.24375 0.00625 0.009375