2 0.528125 0.2859375 0.021875 0.0546875
2 0.85625 0.34296875 0.01875 0.05
2 0.66015625 0.21171875 0.0171875 0.0390625
2 0.39453125 0.225 0.01875 0.05
2 0.375 0.40078125 0.0234375 0.059375
2 0.534375 0.29921875 0.028125 0.0421875
1 0.11484375 0.22421875 0.025 0.0515625
2 0.8328125 0.31171875 0.01875 0.05
2 0.30546875 0.275 0.021875 0.0515625
2 0.421875 0.30625 0.0234375 0.053125
2 0.39140625 0.35234375 0.025 0.0515625
2 0.575 0.4546875 0.0265625 0.071875
2 0.8640625 0.3640625 0.0203125 0.05
2 0.2265625 0.5703125 0.0421875 0.075
3 0.509375 0.40078125 0.0265625 0.0578125
2 0.609375 0.37734375 0.021875 0.05625
3 0.78984375 0.934375 0.053125 0.1015625
2 0.40546875 0.50625 0.0359375 0.06875
2 0.32265625 0.41015625 0.0359375 0.0671875
2 0.35625 0.5828125 0.05 0.078125
2 0.8015625 0.5296875 0.03125 0.0734375
2 0.7625 0.54453125 0.03125 0.06875
3 0.5296875 0.1296875 0.0171875 0.0359375
0 0.50078125 0.3140625 0.0078125 0.0125
2 0.5265625 0.296875 0.0203125 0.04375