2 0.66796875 0.32421875 0.0109375 0.0265625
1 0.15546875 0.38828125 0.01875 0.040625
2 0.38359375 0.353125 0.0125 0.0359375
2 0.71171875 0.46328125 0.0125 0.040625
2 0.75859375 0.4015625 0.0109375 0.0375
2 0.7453125 0.45546875 0.0140625 0.0421875
2 0.10234375 0.56171875 0.028125 0.0546875
2 0.30546875 0.72109375 0.0203125 0.065625
2 0.43984375 0.3625 0.0125 0.0359375
3 0.61484375 0.484375 0.015625 0.0484375
2 0.29375 0.46171875 0.0171875 0.05
2 0.1765625 0.5828125 0.0234375 0.05
2 0.2453125 0.45859375 0.0140625 0.046875
2 0.50703125 0.40859375 0.0125 0.040625
2 0.66171875 0.45390625 0.01875 0.040625
2 0.3953125 0.50703125 0.025 0.046875
2 0.75390625 0.490625 0.01875 0.0484375
2 0.6453125 0.6578125 0.0203125 0.065625
2 0.7109375 0.67109375 0.0234375 0.0671875
2 0.6 0.59140625 0.0203125 0.059375
2 0.41640625 0.51015625 0.0203125 0.05
2 0.33203125 0.69765625 0.0265625 0.0671875
3 0.759375 0.8875 0.0328125 0.0796875
3 0.4640625 0.26953125 0.0109375 0.0265625
0 0.0859375 0.57578125 0.00625 0.0109375