2 0.5359375 0.27265625 0.0109375 0.034375
2 0.54296875 0.28125 0.0109375 0.034375
2 0.30078125 0.24765625 0.0109375 0.03125
2 0.26015625 0.253125 0.015625 0.0359375
2 0.76015625 0.446875 0.01875 0.0515625
2 0.2515625 0.2890625 0.0125 0.0390625
1 0.8515625 0.3046875 0.0125 0.0359375
2 0.63359375 0.2703125 0.009375 0.034375
2 0.63515625 0.31015625 0.0140625 0.0390625
2 0.603125 0.25390625 0.009375 0.034375
2 0.2296875 0.29140625 0.0140625 0.0390625
2 0.27890625 0.275 0.0140625 0.0359375
3 0.45390625 0.35625 0.015625 0.0421875
2 0.33203125 0.30703125 0.0125 0.0421875
2 0.76953125 0.28125 0.0140625 0.0328125
2 0.2390625 0.434375 0.01875 0.0515625
2 0.22265625 0.36328125 0.0203125 0.046875
2 0.39296875 0.34375 0.0140625 0.0453125
2 0.3609375 0.34765625 0.0171875 0.046875
2 0.64453125 0.459375 0.0140625 0.0515625
2 0.403125 0.59609375 0.01875 0.071875
2 0.25546875 0.5171875 0.0234375 0.05625
3 0.240625 0.22734375 0.015625 0.03125