2 0.58359375 0.659375 0.0234375 0.0546875
2 0.3390625 0.52421875 0.015625 0.0359375
2 0.3625 0.47578125 0.0140625 0.0296875
2 0.4578125 0.56484375 0.01875 0.040625
3 0.99296875 0.73203125 0.0140625 0.0671875
2 0.515625 0.3828125 0.015625 0.03125
1 0.0796875 0.6328125 0.0203125 0.0375
3 0.46171875 0.5921875 0.021875 0.046875
2 0.57421875 0.5546875 0.0203125 0.0484375
2 0.4421875 0.5125 0.01875 0.0390625
2 0.31640625 0.590625 0.0203125 0.0421875
2 0.45 0.78203125 0.0296875 0.0625
2 0.37578125 0.50390625 0.0171875 0.0375
2 0.33515625 0.703125 0.0296875 0.0578125
2 0.59375 0.47109375 0.0171875 0.0375
2 0.58125 0.5265625 0.0265625 0.04375
2 0.34921875 0.5625 0.021875 0.05
1 0.8640625 0.39921875 0.0203125 0.040625
2 0.7359375 0.43828125 0.0203125 0.04375
2 0.77109375 0.578125 0.025 0.05
2 0.4 0.61640625 0.0203125 0.046875
2 0.75 0.64765625 0.0296875 0.0625
2 0.3140625 0.8859375 0.03125 0.065625
2 0.584375 0.8421875 0.0359375 0.0703125
3 0.3546875 0.41171875 0.0125 0.025
0 0.7484375 0.659375 0.00625 0.009375