2 0.2125 0.39453125 0.0234375 0.0546875
2 0.61328125 0.16484375 0.0109375 0.0375
1 0.0640625 0.34140625 0.0125 0.0484375
2 0.3671875 0.2515625 0.0125 0.0484375
2 0.25 0.434375 0.0171875 0.0546875
3 0.47578125 0.3890625 0.0125 0.05625
3 0.93359375 0.87890625 0.0296875 0.1046875
2 0.4140625 0.253125 0.0125 0.04375
2 0.1140625 0.63203125 0.021875 0.075
2 0.8328125 0.2953125 0.0140625 0.0546875
2 0.8859375 0.34765625 0.0140625 0.0625
2 0.4765625 0.290625 0.0171875 0.0484375
2 0.18671875 0.34140625 0.01875 0.0515625
2 0.21796875 0.4328125 0.0234375 0.0546875
2 0.24140625 0.45078125 0.01875 0.0609375
2 0.86015625 0.2546875 0.0125 0.0484375
2 0.62421875 0.390625 0.01875 0.059375
2 0.39921875 0.56953125 0.01875 0.06875
2 0.19609375 0.60625 0.0296875 0.0671875
2 0.7875 0.54140625 0.0203125 0.0796875
2 0.6515625 0.3609375 0.0140625 0.0609375
2 0.72890625 0.5296875 0.021875 0.0765625
2 0.46484375 0.528125 0.0265625 0.0640625
3 0.47265625 0.1296875 0.0109375 0.03125
0 0.24453125 0.4109375 0.00625 0.009375