2 0.3078125 0.55625 0.015625 0.040625
2 0.49375 0.434375 0.0125 0.0296875
1 0.8078125 0.44765625 0.0171875 0.0421875
2 0.33671875 0.49921875 0.0109375 0.028125
2 0.4171875 0.5375 0.015625 0.040625
2 0.74609375 0.625 0.021875 0.0515625
2 0.28359375 0.621875 0.0171875 0.04375
2 0.565625 0.51171875 0.015625 0.0375
2 0.53125 0.615625 0.01875 0.05
2 0.42578125 0.5921875 0.0171875 0.04375
2 0.49609375 0.68046875 0.0203125 0.05
2 0.27890625 0.72265625 0.01875 0.0515625
3 0.453125 0.596875 0.0171875 0.0421875
2 0.33046875 0.53984375 0.0140625 0.0375
3 0.9828125 0.7625 0.03125 0.065625
2 0.30703125 0.6203125 0.01875 0.046875
2 0.5265625 0.51953125 0.01875 0.0359375
2 0.77109375 0.54453125 0.0171875 0.0453125
2 0.625 0.70703125 0.028125 0.0609375
2 0.340625 0.64921875 0.01875 0.0484375
2 0.33359375 0.8015625 0.028125 0.0578125
2 0.19296875 0.8796875 0.0296875 0.0609375
2 0.50625 0.8921875 0.03125 0.0703125
0 0.74453125 0.6390625 0.00625 0.009375
3 0.328125 0.4375 0.0125 0.028125