2 0.67109375 0.215625 0.0234375 0.03125
2 0.33515625 0.2796875 0.0140625 0.03125
2 0.57421875 0.22265625 0.0125 0.0296875
2 0.56796875 0.23125 0.0140625 0.03125
2 0.33671875 0.33203125 0.0203125 0.0453125
2 0.3421875 0.36953125 0.01875 0.046875
2 0.5265625 0.325 0.0171875 0.0453125
2 0.34453125 0.28125 0.01875 0.0359375
2 0.50703125 0.24609375 0.015625 0.0359375
2 0.65546875 0.23046875 0.01875 0.0359375
2 0.60703125 0.28203125 0.015625 0.0375
2 0.32578125 0.63828125 0.0234375 0.0625
2 0.47578125 0.31640625 0.01875 0.0421875
2 0.77265625 0.3125 0.028125 0.0515625
2 0.38515625 0.33984375 0.015625 0.04375
1 0.02890625 0.44609375 0.0203125 0.0453125
2 0.3984375 0.40078125 0.021875 0.05
2 0.63203125 0.321875 0.0203125 0.0453125
3 0.46328125 0.3734375 0.0203125 0.046875
2 0.52265625 0.46171875 0.0265625 0.05625
2 0.70078125 0.41953125 0.025 0.0609375
2 0.31796875 0.51875 0.0296875 0.05625
3 0.3609375 0.2421875 0.0140625 0.0296875
0 0.68203125 0.2265625 0.00625 0.0109375