2 0.6390625 0.38125 0.01875 0.05
2 0.63046875 0.384375 0.015625 0.0421875
2 0.57734375 0.29140625 0.0171875 0.034375
3 0.9171875 0.953125 0.034375 0.09375
2 0.3859375 0.35625 0.01875 0.0484375
2 0.5671875 0.29296875 0.0140625 0.034375
2 0.740625 0.34453125 0.015625 0.0421875
2 0.421875 0.27421875 0.0140625 0.0359375
2 0.72578125 0.37421875 0.015625 0.046875
2 0.52734375 0.39140625 0.028125 0.05
2 0.43203125 0.2671875 0.0125 0.0359375
2 0.39453125 0.31328125 0.01875 0.046875
2 0.68984375 0.3921875 0.015625 0.0421875
2 0.83515625 0.46640625 0.01875 0.0515625
2 0.58515625 0.3609375 0.0203125 0.046875
2 0.440625 0.3625 0.0203125 0.046875
2 0.30546875 0.4765625 0.025 0.0578125
3 0.48125 0.40546875 0.021875 0.0515625
2 0.7 0.553125 0.0265625 0.0703125
2 0.26171875 0.6015625 0.0265625 0.071875
2 0.5265625 0.50390625 0.0234375 0.059375
0 0.5765625 0.3 0.00625 0.009375
2 0.6515625 0.30546875 0.0171875 0.0359375
1 0.08671875 0.27734375 0.01875 0.0484375
3 0.4765625 0.21875 0.015625 0.0296875