2 0.63046875 0.371875 0.015625 0.05
2 0.62265625 0.375 0.0125 0.0421875
2 0.5625 0.28671875 0.015625 0.034375
3 0.9484375 0.92421875 0.028125 0.0953125
2 0.37578125 0.3640625 0.015625 0.0484375
2 0.553125 0.2890625 0.0125 0.0328125
2 0.7296875 0.32734375 0.0125 0.040625
2 0.40625 0.28046875 0.0125 0.0359375
2 0.71640625 0.35859375 0.0140625 0.0453125
2 0.51953125 0.38984375 0.025 0.0484375
2 0.41640625 0.27265625 0.0109375 0.0359375
2 0.38203125 0.32109375 0.015625 0.046875
2 0.68125 0.37890625 0.0125 0.0421875
2 0.83203125 0.44296875 0.015625 0.0515625
2 0.575 0.35546875 0.0171875 0.0453125
2 0.43125 0.3671875 0.0171875 0.046875
2 0.3046875 0.490625 0.0203125 0.0578125
3 0.47421875 0.40703125 0.01875 0.0515625
2 0.703125 0.53828125 0.021875 0.0703125
2 0.26953125 0.61796875 0.021875 0.071875
2 0.5265625 0.50234375 0.01875 0.059375
0 0.5625 0.2953125 0.00625 0.009375
2 0.6375 0.2953125 0.015625 0.0359375
1 0.07265625 0.30625 0.015625 0.0484375
3 0.45703125 0.22109375 0.0140625 0.0296875