2 0.23046875 0.35546875 0.025 0.05625
2 0.65859375 0.18359375 0.0125 0.0375
1 0.08984375 0.28203125 0.0140625 0.0484375
2 0.403125 0.2359375 0.0140625 0.0484375
2 0.26171875 0.4 0.0203125 0.05625
3 0.49140625 0.38671875 0.015625 0.05625
3 0.8765625 0.93515625 0.034375 0.10625
2 0.44921875 0.24375 0.0140625 0.04375
2 0.09921875 0.57734375 0.025 0.075
2 0.8578125 0.34375 0.015625 0.0546875
2 0.90390625 0.403125 0.015625 0.0625
2 0.50625 0.28984375 0.01875 0.05
2 0.21171875 0.29921875 0.0203125 0.0515625
2 0.23046875 0.39375 0.025 0.0546875
2 0.25078125 0.415625 0.0203125 0.0609375
2 0.890625 0.3078125 0.0140625 0.0484375
2 0.63828125 0.409375 0.021875 0.059375
2 0.390625 0.5546875 0.0203125 0.06875
2 0.18359375 0.5625 0.03125 0.06875
2 0.77890625 0.58125 0.021875 0.08125
2 0.66953125 0.3828125 0.015625 0.0609375
2 0.72265625 0.5609375 0.025 0.0765625
2 0.4609375 0.5234375 0.028125 0.065625
3 0.52421875 0.1296875 0.0125 0.03125
0 0.259375 0.3765625 0.00625 0.009375