2 0.54375 0.27421875 0.0125 0.034375
2 0.55 0.2828125 0.0125 0.0359375
2 0.31015625 0.240625 0.0109375 0.03125
2 0.26953125 0.2453125 0.0171875 0.0359375
2 0.76171875 0.45546875 0.0203125 0.0515625
2 0.259375 0.28046875 0.0140625 0.0390625
1 0.85859375 0.3171875 0.0140625 0.0359375
2 0.64140625 0.275 0.0109375 0.034375
2 0.64140625 0.31484375 0.0140625 0.040625
2 0.61171875 0.2578125 0.0109375 0.034375
2 0.2375 0.28203125 0.0140625 0.040625
2 0.28671875 0.26796875 0.015625 0.0359375
3 0.45859375 0.3546875 0.0171875 0.0421875
2 0.33828125 0.3015625 0.0140625 0.0421875
2 0.7765625 0.290625 0.0140625 0.0328125
2 0.24140625 0.425 0.0203125 0.0515625
2 0.22734375 0.35390625 0.021875 0.046875
2 0.3984375 0.340625 0.015625 0.0453125
2 0.36640625 0.34296875 0.01875 0.046875
2 0.64609375 0.4640625 0.015625 0.053125
2 0.4 0.5921875 0.0203125 0.071875
2 0.2546875 0.50859375 0.025 0.0578125
3 0.25078125 0.21796875 0.015625 0.03125