2 0.77734375 0.34921875 0.01875 0.05625
3 0.43984375 0.25234375 0.0140625 0.0453125
2 0.44296875 0.3 0.015625 0.0515625
2 0.72265625 0.34375 0.01875 0.0546875
2 0.5453125 0.30546875 0.0203125 0.05
2 0.87265625 0.49609375 0.028125 0.08125
2 0.215625 0.29921875 0.01875 0.05625
2 0.415625 0.30546875 0.021875 0.0609375
2 0.59765625 0.32578125 0.03125 0.05
2 0.82578125 0.40625 0.021875 0.0625
2 0.54609375 0.34609375 0.0203125 0.0609375
2 0.253125 0.3953125 0.0265625 0.0796875
2 0.521875 0.3328125 0.025 0.0484375
2 0.78515625 0.403125 0.021875 0.0671875
2 0.31953125 0.33125 0.021875 0.06875
3 0.50078125 0.38984375 0.0203125 0.06875
2 0.521875 0.38515625 0.0234375 0.065625
2 0.65390625 0.39921875 0.0234375 0.0671875
2 0.7046875 0.6140625 0.03125 0.0984375
2 0.42421875 0.6625 0.034375 0.1078125
2 0.34296875 0.39453125 0.0234375 0.075
2 0.74609375 0.525 0.0328125 0.0921875
0 0.60078125 0.19296875 0.00625 0.009375