2 0.76328125 0.325 0.0140625 0.0546875
3 0.41875 0.25859375 0.0109375 0.0453125
2 0.42578125 0.30625 0.0125 0.05
2 0.7078125 0.325 0.0140625 0.053125
2 0.528125 0.30234375 0.0171875 0.0484375
2 0.87109375 0.4640625 0.021875 0.0796875
2 0.19921875 0.325 0.0140625 0.05625
2 0.3984375 0.3140625 0.015625 0.059375
2 0.58203125 0.31796875 0.0265625 0.0484375
2 0.81640625 0.378125 0.0171875 0.0625
2 0.5328125 0.34296875 0.015625 0.0609375
2 0.24453125 0.4171875 0.0203125 0.078125
2 0.50703125 0.33125 0.0203125 0.0484375
2 0.77578125 0.378125 0.0171875 0.0671875
2 0.30546875 0.34765625 0.015625 0.06875
3 0.490625 0.38984375 0.015625 0.06875
2 0.51171875 0.384375 0.01875 0.065625
2 0.64453125 0.3859375 0.01875 0.065625
2 0.7140625 0.59609375 0.0234375 0.0984375
2 0.4390625 0.66796875 0.0265625 0.1078125
2 0.334375 0.40859375 0.0171875 0.0734375
2 0.746875 0.50390625 0.025 0.0921875
0 0.5734375 0.18515625 0.0046875 0.009375