0 0.753125 0.5484375 0.0109375 0.015625
3 0.2453125 0.2203125 0.0125 0.04375
2 0.2890625 0.2421875 0.0171875 0.0546875
2 0.57890625 0.271875 0.0171875 0.05625
2 0.3203125 0.30234375 0.034375 0.0625
2 0.63671875 0.26015625 0.0203125 0.0578125
2 0.21953125 0.271875 0.0171875 0.053125
2 0.16015625 0.359375 0.0265625 0.06875
2 0.92890625 0.45390625 0.03125 0.0984375
2 0.640625 0.45625 0.025 0.0875
2 0.5921875 0.57421875 0.03125 0.0890625
2 0.33203125 0.42890625 0.0296875 0.08125
2 0.32109375 0.38515625 0.0265625 0.0734375
2 0.825 0.3375 0.0265625 0.071875
2 0.56953125 0.48203125 0.03125 0.0921875
2 0.14375 0.41640625 0.0265625 0.0734375
2 0.46640625 0.3421875 0.025 0.06875
3 0.39453125 0.4390625 0.03125 0.08125
2 0.625 0.37109375 0.0328125 0.0734375
2 0.29140625 0.43984375 0.0265625 0.0828125
2 0.08828125 0.45625 0.03125 0.084375
2 0.65390625 0.56484375 0.0484375 0.0953125
2 0.19609375 0.496875 0.046875 0.0921875