2 0.64609375 0.39609375 0.015625 0.034375
2 0.653125 0.4015625 0.0140625 0.0328125
2 0.46796875 0.3546875 0.015625 0.0296875
2 0.44609375 0.34921875 0.021875 0.0328125
2 0.525 0.3953125 0.01875 0.0390625
2 0.36171875 0.3515625 0.01875 0.0359375
2 0.5609375 0.459375 0.0234375 0.053125
2 0.4875 0.38359375 0.01875 0.0421875
2 0.5078125 0.40546875 0.01875 0.0421875
2 0.81171875 0.66640625 0.0328125 0.0703125
1 0.10625 0.32265625 0.0171875 0.04375
2 0.7671875 0.52890625 0.0234375 0.0546875
2 0.74375 0.4671875 0.0171875 0.0453125
2 0.30859375 0.3875 0.0203125 0.046875
2 0.7171875 0.46484375 0.021875 0.046875
2 0.77890625 0.584375 0.028125 0.065625
2 0.38671875 0.46484375 0.025 0.05625
2 0.2265625 0.4828125 0.028125 0.06875
2 0.64453125 0.7734375 0.040625 0.0890625
0 0.38203125 0.35546875 0.00625 0.009375
3 0.4234375 0.32890625 0.0140625 0.0359375
3 0.5671875 0.44140625 0.0234375 0.04375