2 0.5703125 0.4140625 0.0125 0.028125
3 0.3390625 0.34921875 0.0109375 0.0265625
2 0.54296875 0.41875 0.0140625 0.0375
2 0.590625 0.4203125 0.0109375 0.0390625
2 0.50859375 0.39921875 0.0125 0.0375
2 0.565625 0.446875 0.0140625 0.05
2 0.44140625 0.38984375 0.0125 0.0375
2 0.709375 0.453125 0.0125 0.0453125
1 0.015625 0.40625 0.0140625 0.053125
2 0.3140625 0.39609375 0.0125 0.0453125
2 0.4125 0.446875 0.01875 0.0484375
2 0.64375 0.8046875 0.03125 0.0953125
2 0.50625 0.5765625 0.0203125 0.0671875
2 0.48515625 0.446875 0.0140625 0.05
2 0.896875 0.67421875 0.0234375 0.071875
2 0.61640625 0.50546875 0.021875 0.05625
2 0.68828125 0.45390625 0.01875 0.046875
3 0.596875 0.46171875 0.015625 0.0515625
2 0.81796875 0.53984375 0.0234375 0.0578125
2 0.528125 0.53125 0.0171875 0.0578125
2 0.22109375 0.45078125 0.0171875 0.0578125
2 0.8421875 0.5875 0.0203125 0.0671875
2 0.0953125 0.615625 0.0328125 0.0890625
0 0.56640625 0.415625 0.0046875 0.0078125