2 0.66171875 0.3125 0.01875 0.0515625
3 0.0609375 0.23515625 0.0125 0.040625
2 0.52734375 0.25546875 0.015625 0.046875
0 0.57578125 0.3046875 0.0078125 0.0109375
2 0.4359375 0.221875 0.0109375 0.034375
2 0.4921875 0.284375 0.0171875 0.0484375
2 0.36640625 0.31328125 0.0171875 0.0515625
2 0.5203125 0.396875 0.0171875 0.05
2 0.2546875 0.25078125 0.009375 0.0453125
1 0.8734375 0.28203125 0.0125 0.0515625
2 0.21640625 0.2484375 0.009375 0.0421875
3 0.47890625 0.31328125 0.0125 0.0484375
2 0.22265625 0.30390625 0.0109375 0.0484375
2 0.45859375 0.23125 0.0171875 0.0390625
2 0.5375 0.30390625 0.015625 0.0484375
2 0.14453125 0.3328125 0.0171875 0.05
2 0.05625 0.296875 0.0125 0.0484375
2 0.4203125 0.34609375 0.01875 0.05
2 0.671875 0.3359375 0.0140625 0.0578125
2 0.2296875 0.37109375 0.0140625 0.0578125
2 0.72265625 0.35 0.0140625 0.05625
2 0.2953125 0.334375 0.0203125 0.0453125
2 0.08359375 0.4890625 0.0234375 0.065625
2 0.8046875 0.64453125 0.03125 0.075