3 0.26953125 0.19140625 0.009375 0.0375
2 0.44921875 0.21875 0.0109375 0.03125
2 0.3296875 0.2140625 0.015625 0.0484375
2 0.62890625 0.2296875 0.0109375 0.0359375
2 0.753125 0.37265625 0.01875 0.0578125
2 0.5078125 0.2640625 0.0109375 0.04375
2 0.378125 0.2546875 0.0125 0.046875
2 0.6703125 0.28359375 0.0125 0.046875
2 0.61875 0.27578125 0.0125 0.04375
2 0.45078125 0.28515625 0.015625 0.05
3 0.6390625 0.3234375 0.0140625 0.05
2 0.58203125 0.3390625 0.0140625 0.0515625
2 0.28828125 0.25390625 0.0125 0.0453125
2 0.34375 0.34296875 0.0171875 0.05625
2 0.59453125 0.46875 0.0171875 0.0625
2 0.784375 0.4140625 0.015625 0.0609375
2 0.8 0.440625 0.01875 0.0625
2 0.1578125 0.475 0.01875 0.0703125
2 0.5609375 0.74609375 0.0265625 0.084375
2 0.6765625 0.43671875 0.01875 0.0640625
2 0.4875 0.2 0.0109375 0.034375
2 0.615625 0.20390625 0.0109375 0.034375