3 0.09140625 0.39453125 0.0171875 0.034375
2 0.6703125 0.528125 0.028125 0.0453125
2 0.5984375 0.346875 0.0234375 0.0421875
1 0.72578125 0.28203125 0.0203125 0.040625
2 0.5125 0.359375 0.025 0.046875
2 0.5875 0.35 0.01875 0.04375
2 0.234375 0.425 0.01875 0.040625
2 0.70625 0.4390625 0.021875 0.0484375
3 0.99609375 0.5234375 0.0078125 0.075
2 0.68046875 0.5140625 0.034375 0.0625
2 0.35 0.4546875 0.021875 0.046875
2 0.54140625 0.33203125 0.01875 0.040625
3 0.5078125 0.3921875 0.01875 0.046875
2 0.42734375 0.48671875 0.0203125 0.0515625
2 0.6109375 0.4296875 0.03125 0.0484375
2 0.32421875 0.4140625 0.021875 0.0453125
2 0.45703125 0.56328125 0.028125 0.0609375
2 0.15078125 0.48515625 0.0234375 0.0484375
2 0.17265625 0.48828125 0.021875 0.0484375
2 0.4484375 0.4125 0.0203125 0.0453125
2 0.23515625 0.59375 0.025 0.0609375
2 0.73203125 0.409375 0.0265625 0.053125
2 0.56171875 0.48828125 0.0265625 0.0515625
2 0.29296875 0.590625 0.0296875 0.05625
0 0.64140625 0.51953125 0.009375 0.0125