2 0.43671875 0.3546875 0.01875 0.04375
1 0.70625 0.278125 0.021875 0.040625
2 0.4390625 0.34609375 0.01875 0.040625
3 0.065625 0.4078125 0.0203125 0.0375
2 0.10859375 0.48671875 0.0203125 0.04375
2 0.378125 0.4765625 0.0234375 0.04375
2 0.175 0.59609375 0.025 0.05625
3 0.3984375 0.42109375 0.0203125 0.0453125
2 0.50078125 0.384375 0.0265625 0.0421875
2 0.25390625 0.41484375 0.0171875 0.0375
2 0.5640625 0.390625 0.0265625 0.0453125
2 0.13671875 0.49765625 0.0234375 0.0453125
2 0.2140625 0.4203125 0.0171875 0.040625
2 0.2671875 0.46171875 0.01875 0.040625
2 0.50546875 0.36015625 0.0234375 0.04375
2 0.5609375 0.44765625 0.0203125 0.046875
2 0.64765625 0.434375 0.021875 0.0453125
2 0.4671875 0.47578125 0.01875 0.040625
2 0.46796875 0.421875 0.021875 0.0453125
2 0.20234375 0.59921875 0.021875 0.05
2 0.77734375 0.54375 0.028125 0.0625
2 0.3890625 0.5484375 0.025 0.059375
3 0.915625 0.57421875 0.0359375 0.0765625
0 0.3859375 0.49609375 0.0078125 0.0109375
2 0.39375 0.4234375 0.021875 0.04375