2 0.62109375 0.20859375 0.015625 0.0328125
2 0.66640625 0.2203125 0.0171875 0.0421875
2 0.315625 0.1765625 0.0203125 0.046875
2 0.85390625 0.4390625 0.0375 0.05625
2 0.68046875 0.23828125 0.0234375 0.0453125
2 0.5515625 0.20234375 0.0171875 0.0421875
2 0.51640625 0.19296875 0.01875 0.0484375
2 0.4546875 0.21953125 0.01875 0.04375
2 0.56875 0.25234375 0.021875 0.0375
2 0.3265625 0.22265625 0.0234375 0.05
2 0.596875 0.25703125 0.028125 0.0484375
2 0.5234375 0.22734375 0.0203125 0.04375
2 0.8265625 0.3859375 0.025 0.0578125
2 0.6125 0.3375 0.0234375 0.053125
2 0.6546875 0.4421875 0.03125 0.065625
2 0.86015625 0.45859375 0.0359375 0.0640625
2 0.3984375 0.2984375 0.028125 0.059375
2 0.215625 0.371875 0.034375 0.06875
3 0.6515625 0.3203125 0.0234375 0.0546875
2 0.72265625 0.37109375 0.0265625 0.05625
2 0.6703125 0.73515625 0.053125 0.0984375
0 0.51875 0.24375 0.00625 0.0078125
3 0.32265625 0.1421875 0.01875 0.0453125