2 0.5859375 0.33671875 0.0125 0.0296875
2 0.3359375 0.3625 0.0140625 0.04375
2 0.175 0.46328125 0.0203125 0.0515625
2 0.6765625 0.35546875 0.0125 0.0359375
2 0.49453125 0.4 0.021875 0.0375
1 0.0359375 0.35859375 0.015625 0.04375
2 0.42890625 0.30703125 0.0109375 0.0359375
2 0.60234375 0.43046875 0.0140625 0.046875
2 0.25078125 0.6171875 0.0171875 0.05625
2 0.46796875 0.4265625 0.0140625 0.040625
2 0.44140625 0.5328125 0.015625 0.0546875
2 0.20625 0.47578125 0.0140625 0.0515625
2 0.3234375 0.371875 0.015625 0.0375
2 0.72734375 0.43984375 0.0125 0.04375
3 0.48828125 0.44453125 0.0140625 0.05
2 0.671875 0.66015625 0.025 0.0671875
2 0.31171875 0.59609375 0.01875 0.05625
2 0.6828125 0.48203125 0.0171875 0.046875
2 0.51015625 0.49765625 0.021875 0.0515625
2 0.69921875 0.58984375 0.0234375 0.0609375
3 0.875 0.82421875 0.028125 0.0734375
3 0.3375 0.24921875 0.0109375 0.028125
0 0.4890625 0.38828125 0.0046875 0.0078125
2 0.465625 0.4140625 0.0109375 0.0359375
2 0.7265625 0.4265625 0.0125 0.0421875