2 0.43046875 0.365625 0.0234375 0.0390625
2 0.40625 0.3109375 0.0171875 0.0359375
2 0.4875 0.27734375 0.0140625 0.03125
2 0.30234375 0.35546875 0.0171875 0.0390625
2 0.34140625 0.41171875 0.0171875 0.034375
2 0.2546875 0.45390625 0.025 0.046875
2 0.5265625 0.30234375 0.01875 0.0421875
2 0.55390625 0.33671875 0.021875 0.040625
2 0.453125 0.43828125 0.021875 0.046875
2 0.29375 0.35546875 0.01875 0.040625
2 0.37734375 0.365625 0.01875 0.0375
2 0.67421875 0.36796875 0.0203125 0.05
3 0.47734375 0.36171875 0.01875 0.04375
2 0.2421875 0.47421875 0.0234375 0.0515625
2 0.22578125 0.4046875 0.0203125 0.040625
2 0.62109375 0.31953125 0.021875 0.0453125
2 0.5015625 0.3203125 0.0234375 0.040625
2 0.5953125 0.31875 0.01875 0.040625
2 0.27265625 0.5359375 0.025 0.0578125
2 0.51875 0.38828125 0.021875 0.0453125
2 0.43125 0.53671875 0.0296875 0.059375
3 0.96875 0.684375 0.04375 0.0859375
0 0.44765625 0.3640625 0.0109375 0.0140625
3 0.2296875 0.30625 0.0203125 0.0390625