2 0.39609375 0.32890625 0.0171875 0.0390625
2 0.58515625 0.27109375 0.015625 0.0296875
2 0.465625 0.24609375 0.0109375 0.0265625
2 0.48515625 0.2359375 0.0125 0.028125
2 0.403125 0.3109375 0.01875 0.04375
2 0.54921875 0.2828125 0.0140625 0.0296875
2 0.74609375 0.31484375 0.015625 0.03125
2 0.66796875 0.325 0.015625 0.034375
2 0.55859375 0.465625 0.0203125 0.0453125
2 0.7390625 0.40625 0.0203125 0.0421875
2 0.58046875 0.36328125 0.01875 0.0375
1 0.93203125 0.4328125 0.0171875 0.0375
2 0.9078125 0.5234375 0.021875 0.0453125
1 0.12890625 0.26640625 0.021875 0.0421875
2 0.36796875 0.4140625 0.0203125 0.0453125
2 0.66875 0.3671875 0.021875 0.040625
3 0.50390625 0.340625 0.0171875 0.040625
2 0.45234375 0.396875 0.0203125 0.046875
2 0.3 0.58203125 0.0328125 0.0609375
2 0.73671875 0.65234375 0.0296875 0.0640625
0 0.73203125 0.3234375 0.00625 0.0078125
3 0.45703125 0.209375 0.0140625 0.028125
2 0.54921875 0.3015625 0.01875 0.0328125
2 0.40703125 0.2890625 0.015625 0.03125
2 0.66953125 0.26328125 0.0109375 0.025