2 0.42421875 0.2953125 0.0140625 0.040625
1 0.17265625 0.284375 0.0140625 0.040625
2 0.40703125 0.5 0.025 0.059375
2 0.8203125 0.3796875 0.0140625 0.0375
2 0.24609375 0.41171875 0.0140625 0.05
2 0.709375 0.3234375 0.0109375 0.0328125
2 0.828125 0.39140625 0.0125 0.0421875
2 0.7125 0.43203125 0.0203125 0.0453125
2 0.35625 0.30078125 0.0125 0.0390625
2 0.76328125 0.628125 0.0203125 0.0625
3 0.5015625 0.45 0.0234375 0.0453125
2 0.65546875 0.47421875 0.0171875 0.05625
2 0.67109375 0.3359375 0.0140625 0.0390625
2 0.43984375 0.50390625 0.0171875 0.05
2 0.41171875 0.37265625 0.0140625 0.0453125
2 0.3015625 0.38203125 0.015625 0.05
2 0.3328125 0.5921875 0.021875 0.065625
2 0.48515625 0.48984375 0.0203125 0.05
2 0.81875 0.5046875 0.021875 0.0546875
2 0.290625 0.571875 0.0375 0.0578125
2 0.228125 0.440625 0.01875 0.0578125
3 0.88125 0.8984375 0.0390625 0.090625
3 0.4640625 0.1984375 0.0125 0.0328125
2 0.4046875 0.4875 0.028125 0.0515625
0 0.43125 0.53515625 0.00625 0.0109375