3 0.35703125 0.228125 0.0109375 0.0296875
2 0.240625 0.38671875 0.0125 0.0453125
2 0.434375 0.296875 0.009375 0.03125
2 0.61328125 0.321875 0.0125 0.0390625
2 0.6703125 0.3625 0.015625 0.0390625
2 0.44140625 0.3578125 0.0125 0.0390625
2 0.234375 0.47578125 0.015625 0.046875
2 0.68671875 0.303125 0.009375 0.03125
2 0.63359375 0.3328125 0.015625 0.034375
2 0.55546875 0.29375 0.0125 0.034375
2 0.7046875 0.34609375 0.0109375 0.0375
2 0.434375 0.334375 0.015625 0.0375
2 0.40859375 0.27421875 0.0125 0.0359375
2 0.803125 0.3828125 0.0125 0.0453125
3 0.61328125 0.37578125 0.0125 0.0453125
2 0.703125 0.4203125 0.015625 0.0453125
2 0.4765625 0.48671875 0.015625 0.0609375
2 0.2296875 0.43125 0.0171875 0.0578125
2 0.28515625 0.309375 0.0125 0.040625
2 0.36484375 0.39453125 0.0140625 0.046875
2 0.778125 0.47421875 0.0140625 0.05625
2 0.39140625 0.5640625 0.0234375 0.0625