2 0.54140625 0.2609375 0.0109375 0.0296875
2 0.28515625 0.32890625 0.015625 0.040625
2 0.4515625 0.2828125 0.0125 0.03125
2 0.29140625 0.33046875 0.015625 0.040625
2 0.4640625 0.3671875 0.0140625 0.0359375
2 0.325 0.2796875 0.0125 0.03125
2 0.73046875 0.52265625 0.0203125 0.046875
1 0.034375 0.303125 0.0171875 0.040625
2 0.496875 0.35 0.0171875 0.0375
2 0.81328125 0.50703125 0.01875 0.0453125
2 0.3625 0.27890625 0.0125 0.0328125
2 0.2265625 0.55703125 0.025 0.0578125
2 0.61484375 0.3921875 0.015625 0.040625
3 0.9265625 0.75390625 0.0328125 0.0640625
2 0.56640625 0.52578125 0.0203125 0.05
3 0.37265625 0.39765625 0.015625 0.04375
2 0.60078125 0.57421875 0.021875 0.0515625
2 0.2703125 0.47578125 0.021875 0.0609375
2 0.28359375 0.503125 0.021875 0.0546875
2 0.72734375 0.35390625 0.0140625 0.0375
2 0.68046875 0.528125 0.0203125 0.0546875
2 0.57421875 0.58359375 0.021875 0.0578125
2 0.128125 0.63984375 0.03125 0.0625
3 0.3578125 0.21484375 0.0125 0.03125
1 0.93671875 0.453125 0.021875 0.040625
0 0.80703125 0.52265625 0.00625 0.0109375