2 0.59921875 0.34453125 0.0140625 0.03125
2 0.3484375 0.3484375 0.01875 0.04375
2 0.17890625 0.434375 0.025 0.053125
2 0.68828125 0.37109375 0.015625 0.0375
2 0.503125 0.4 0.025 0.0390625
1 0.05 0.31796875 0.01875 0.04375
2 0.44609375 0.3015625 0.0140625 0.0375
2 0.6078125 0.43984375 0.01875 0.046875
2 0.24140625 0.59453125 0.0203125 0.05625
2 0.47421875 0.42421875 0.0171875 0.040625
2 0.4390625 0.52734375 0.0203125 0.0546875
2 0.209375 0.45078125 0.01875 0.0515625
2 0.3359375 0.35703125 0.01875 0.0375
2 0.73125 0.46015625 0.015625 0.04375
3 0.49296875 0.44375 0.01875 0.05
2 0.65703125 0.67421875 0.0296875 0.06875
2 0.30390625 0.5796875 0.021875 0.05625
2 0.68359375 0.4984375 0.0203125 0.046875
2 0.51015625 0.4984375 0.025 0.053125
2 0.690625 0.60625 0.028125 0.0625
3 0.8453125 0.85625 0.034375 0.075
3 0.36015625 0.2359375 0.0140625 0.0296875
0 0.49921875 0.38828125 0.0046875 0.0078125
2 0.4734375 0.4109375 0.0140625 0.0375
2 0.73203125 0.446875 0.015625 0.0421875