2 0.509375 0.24921875 0.0078125 0.0265625
2 0.503125 0.45078125 0.0078125 0.0453125
2 0.49609375 0.28828125 0.0078125 0.0265625
2 0.41328125 0.24296875 0.0078125 0.0265625
3 0.52890625 0.73984375 0.0171875 0.08125
2 0.6 0.290625 0.0078125 0.0359375
2 0.39453125 0.2546875 0.0078125 0.0265625
2 0.56171875 0.30703125 0.009375 0.0359375
2 0.6359375 0.3609375 0.0078125 0.0390625
2 0.346875 0.31015625 0.0078125 0.034375
1 0.89609375 0.34140625 0.0109375 0.0375
2 0.70078125 0.28203125 0.0078125 0.0328125
2 0.31640625 0.4328125 0.009375 0.04375
3 0.42421875 0.346875 0.0078125 0.0390625
2 0.55078125 0.35390625 0.0078125 0.0390625
2 0.32109375 0.36640625 0.009375 0.0421875
1 0.0578125 0.35859375 0.0125 0.04375
2 0.39296875 0.39765625 0.009375 0.04375
2 0.48203125 0.346875 0.009375 0.0375
2 0.33046875 0.35078125 0.009375 0.0390625
2 0.8421875 0.40859375 0.009375 0.0453125
2 0.62265625 0.70546875 0.01875 0.0703125
2 0.36875 0.53671875 0.015625 0.0515625
3 0.3703125 0.22265625 0.009375 0.0359375
2 0.56796875 0.2296875 0.009375 0.0359375
0 0.6921875 0.2984375 0.0046875 0.009375