3 0.1890625 0.27265625 0.015625 0.0375
2 0.36875 0.2453125 0.015625 0.03125
2 0.253125 0.2765625 0.021875 0.05
2 0.54375 0.20390625 0.015625 0.0359375
2 0.7046875 0.3046875 0.028125 0.0578125
2 0.43828125 0.271875 0.01875 0.04375
2 0.3125 0.3015625 0.01875 0.046875
2 0.59921875 0.24296875 0.01875 0.046875
2 0.5484375 0.25078125 0.0203125 0.0453125
2 0.38984375 0.30859375 0.021875 0.05
3 0.58125 0.290625 0.0203125 0.05
2 0.53125 0.321875 0.021875 0.0515625
2 0.22578125 0.3265625 0.01875 0.046875
2 0.30390625 0.3953125 0.025 0.0578125
2 0.58125 0.44296875 0.0265625 0.0625
2 0.746875 0.33515625 0.025 0.0625
2 0.76953125 0.35546875 0.028125 0.0625
2 0.165625 0.5765625 0.0296875 0.0703125
2 0.63046875 0.71796875 0.0390625 0.0859375
2 0.65078125 0.3875 0.028125 0.065625
2 0.4 0.21640625 0.015625 0.0359375
2 0.52421875 0.18359375 0.015625 0.0359375