1 0.75234375 0.2890625 0.0125 0.0296875
1 0.00390625 0.44609375 0.0078125 0.0421875
2 0.27109375 0.38515625 0.0109375 0.0390625
2 0.41328125 0.32421875 0.009375 0.0328125
2 0.29375 0.309375 0.0078125 0.0296875
2 0.265625 0.41875 0.0125 0.0421875
2 0.43671875 0.27421875 0.009375 0.028125
2 0.57109375 0.3078125 0.009375 0.0359375
2 0.30625 0.31015625 0.0078125 0.0296875
2 0.25859375 0.53203125 0.0125 0.0484375
2 0.65859375 0.2484375 0.0109375 0.0296875
2 0.534375 0.37421875 0.0125 0.0390625
2 0.80859375 0.3734375 0.0171875 0.040625
2 0.68359375 0.34453125 0.0125 0.0390625
2 0.6109375 0.37109375 0.0125 0.0390625
2 0.32734375 0.48125 0.015625 0.05
3 0.371875 0.3859375 0.0109375 0.0390625
2 0.2984375 0.68125 0.0203125 0.0578125
2 0.6390625 0.5984375 0.0234375 0.0609375
2 0.52421875 0.50546875 0.015625 0.0515625
3 0.2828125 0.26328125 0.0125 0.0359375
2 0.271875 0.3703125 0.0109375 0.0390625
2 0.525 0.2328125 0.0109375 0.0296875
2 0.4140625 0.30859375 0.0109375 0.034375
0 0.74609375 0.30234375 0.0046875 0.009375