3 0.13984375 0.27890625 0.0109375 0.034375
2 0.6546875 0.57734375 0.0203125 0.04375
2 0.6390625 0.38203125 0.015625 0.040625
1 0.7796875 0.35703125 0.0140625 0.0390625
2 0.553125 0.36875 0.015625 0.0453125
2 0.62734375 0.38203125 0.0109375 0.04375
2 0.26796875 0.35078125 0.0109375 0.040625
2 0.71484375 0.5015625 0.0125 0.046875
3 0.98125 0.671875 0.0234375 0.0734375
2 0.66875 0.565625 0.0234375 0.059375
2 0.3703125 0.4125 0.0140625 0.046875
2 0.58828125 0.3515625 0.0109375 0.0390625
3 0.5390625 0.3984375 0.0109375 0.046875
2 0.434375 0.46640625 0.0109375 0.0515625
2 0.62734375 0.46484375 0.021875 0.0453125
2 0.35703125 0.36640625 0.0140625 0.04375
2 0.440625 0.54765625 0.0171875 0.059375
2 0.1703125 0.38359375 0.015625 0.046875
2 0.190625 0.39296875 0.0125 0.046875
2 0.4765625 0.40078125 0.0125 0.04375
2 0.21953125 0.51171875 0.0140625 0.059375
2 0.7484375 0.48125 0.0171875 0.0515625
2 0.5625 0.50703125 0.0171875 0.05
2 0.27578125 0.5265625 0.01875 0.0546875
0 0.6296875 0.56015625 0.0078125 0.0125