2 0.6890625 0.33828125 0.0140625 0.0453125
2 0.6796875 0.33359375 0.0109375 0.0359375
2 0.73828125 0.38046875 0.0109375 0.0375
2 0.65078125 0.3375 0.0125 0.0375
2 0.5625 0.284375 0.0125 0.0328125
2 0.521875 0.265625 0.015625 0.03125
2 0.69375 0.384375 0.015625 0.0484375
2 0.625 0.3375 0.0140625 0.0359375
2 0.36015625 0.31640625 0.015625 0.04375
2 0.57421875 0.3515625 0.015625 0.04375
3 0.0609375 0.24609375 0.0140625 0.040625
3 0.54375 0.33515625 0.0140625 0.04375
2 0.1984375 0.35078125 0.0171875 0.0515625
2 0.38828125 0.45234375 0.01875 0.0578125
2 0.46171875 0.37890625 0.015625 0.0484375
2 0.4265625 0.46015625 0.0171875 0.05625
2 0.63203125 0.28125 0.0125 0.034375
2 0.6390625 0.28515625 0.0140625 0.0328125
2 0.69765625 0.37421875 0.015625 0.040625
1 0.74140625 0.346875 0.0125 0.04375
2 0.74140625 0.3703125 0.0125 0.0390625
0 0.528125 0.275 0.0046875 0.0078125
2 0.3609375 0.29765625 0.0171875 0.040625