3 0.10703125 0.403125 0.0171875 0.034375
2 0.5484375 0.38515625 0.01875 0.0375
1 0.703125 0.28828125 0.021875 0.0375
2 0.5375 0.39140625 0.021875 0.0375
2 0.5734375 0.3390625 0.0203125 0.0421875
2 0.5546875 0.34140625 0.01875 0.0375
3 0.57109375 0.3734375 0.01875 0.0421875
2 0.61171875 0.37421875 0.0203125 0.040625
2 0.178125 0.50703125 0.0203125 0.046875
2 0.4921875 0.409375 0.01875 0.0375
2 0.70625 0.38671875 0.021875 0.0453125
2 0.28984375 0.41640625 0.0203125 0.0390625
2 0.44609375 0.465625 0.021875 0.0453125
2 0.74140625 0.4265625 0.0203125 0.046875
3 0.9875 0.50546875 0.025 0.0671875
2 0.38046875 0.41484375 0.01875 0.0421875
2 0.67265625 0.440625 0.021875 0.05
2 0.5546875 0.4640625 0.0234375 0.046875
2 0.2046875 0.50625 0.021875 0.046875
2 0.30546875 0.58203125 0.028125 0.0578125
2 0.496875 0.52421875 0.025 0.05625
2 0.3359375 0.58515625 0.0265625 0.053125
2 0.5390625 0.3546875 0.0203125 0.04375