2 0.521875 0.27890625 0.015625 0.040625
3 0.56171875 0.3109375 0.0203125 0.046875
2 0.7140625 0.26484375 0.0171875 0.040625
2 0.59453125 0.2484375 0.015625 0.0328125
2 0.403125 0.2875 0.0140625 0.040625
2 0.62265625 0.309375 0.0140625 0.040625
2 0.43203125 0.26328125 0.0140625 0.0359375
2 0.6546875 0.278125 0.015625 0.0421875
2 0.41171875 0.31171875 0.01875 0.040625
2 0.46875 0.27421875 0.0171875 0.0375
2 0.48984375 0.27890625 0.015625 0.0421875
2 0.7546875 0.271875 0.021875 0.05
1 0.0984375 0.35625 0.015625 0.0453125
2 0.7859375 0.27109375 0.01875 0.05
2 0.24609375 0.325 0.015625 0.0453125
2 0.79765625 0.315625 0.01875 0.0515625
2 0.49765625 0.35234375 0.015625 0.053125
2 0.25 0.384375 0.0203125 0.0515625
2 0.57421875 0.36484375 0.021875 0.0578125
2 0.634375 0.378125 0.021875 0.0515625
2 0.31953125 0.47734375 0.021875 0.0671875
3 0.3296875 0.25703125 0.0140625 0.0375
0 0.40859375 0.328125 0.0078125 0.0125
2 0.61328125 0.253125 0.015625 0.040625