2 0.52890625 0.30859375 0.0203125 0.046875
2 0.21328125 0.3828125 0.0234375 0.0625
3 0.29765625 0.1890625 0.01875 0.0453125
2 0.22109375 0.33203125 0.021875 0.0515625
2 0.5359375 0.3296875 0.0203125 0.0484375
0 0.63203125 0.44453125 0.0078125 0.0125
2 0.39296875 0.2328125 0.01875 0.040625
2 0.68828125 0.27578125 0.015625 0.046875
2 0.4953125 0.2328125 0.0203125 0.0421875
2 0.56171875 0.29765625 0.01875 0.053125
2 0.6609375 0.275 0.0171875 0.046875
3 0.47890625 0.33359375 0.021875 0.0546875
2 0.27734375 0.25859375 0.021875 0.053125
2 0.3796875 0.28203125 0.0203125 0.05625
2 0.3890625 0.31640625 0.0203125 0.0484375
2 0.696875 0.29765625 0.01875 0.05
2 0.75390625 0.35703125 0.021875 0.0609375
2 0.3390625 0.290625 0.0234375 0.05625
2 0.621875 0.35 0.021875 0.0546875
2 0.44296875 0.3328125 0.0265625 0.0578125
2 0.70703125 0.47109375 0.0328125 0.071875
2 0.22265625 0.48125 0.03125 0.0734375
2 0.47109375 0.290625 0.0234375 0.0546875