2 0.18203125 0.51484375 0.0328125 0.078125
2 0.43046875 0.5484375 0.0328125 0.0828125
2 0.21953125 0.41875 0.03125 0.0671875
2 0.1953125 0.4515625 0.03125 0.06875
2 0.43046875 0.43828125 0.028125 0.0703125
2 0.9703125 0.39453125 0.0203125 0.0546875
2 0.43203125 0.325 0.01875 0.05
2 0.88046875 0.43203125 0.0234375 0.059375
2 0.95859375 0.4984375 0.0296875 0.071875
2 0.9234375 0.34375 0.0171875 0.0484375
2 0.690625 0.4625 0.0359375 0.071875
3 0.48203125 0.40390625 0.028125 0.0671875
2 0.378125 0.3796875 0.0296875 0.0546875
2 0.4078125 0.296875 0.0171875 0.0546875
2 0.49765625 0.27265625 0.0171875 0.04375
2 0.51953125 0.27421875 0.0234375 0.0484375
1 0.18203125 0.26796875 0.021875 0.0484375
2 0.725 0.34609375 0.0203125 0.05
2 0.3515625 0.3140625 0.021875 0.053125
2 0.8203125 0.3515625 0.0234375 0.053125
2 0.39140625 0.3140625 0.021875 0.053125
3 0.5578125 0.21484375 0.0140625 0.0375
2 0.3671875 0.38359375 0.0234375 0.0578125
0 0.184375 0.53984375 0.009375 0.0140625