0 0.2109375 0.453125 0.0078125 0.0125
2 0.6890625 0.33515625 0.01875 0.0453125
3 0.346875 0.2171875 0.01875 0.0375
2 0.69296875 0.2953125 0.0171875 0.040625
2 0.58515625 0.3375 0.0203125 0.053125
2 0.78203125 0.56171875 0.0265625 0.0734375
2 0.5875 0.35 0.01875 0.05
2 0.49765625 0.2734375 0.0203125 0.0453125
2 0.725 0.3875 0.0203125 0.0546875
2 0.65859375 0.39453125 0.0234375 0.0546875
2 0.63515625 0.4 0.025 0.059375
2 0.6953125 0.40390625 0.025 0.0625
2 0.1828125 0.4234375 0.0421875 0.0703125
3 0.60625 0.4265625 0.025 0.0625
2 0.76328125 0.50078125 0.0296875 0.06875
2 0.44296875 0.44140625 0.028125 0.071875
2 0.34921875 0.30703125 0.025 0.0578125
2 0.6328125 0.4859375 0.028125 0.065625
2 0.77265625 0.57109375 0.03125 0.0765625
2 0.8125 0.5 0.03125 0.071875
2 0.51640625 0.440625 0.0296875 0.071875
2 0.53359375 0.54921875 0.034375 0.0875
2 0.24921875 0.6734375 0.0484375 0.109375