2 0.56640625 0.4328125 0.0125 0.04375
2 0.56796875 0.3265625 0.0140625 0.040625
2 0.646875 0.3640625 0.0125 0.0453125
2 0.54296875 0.2953125 0.0125 0.0390625
1 0.88125 0.3453125 0.0140625 0.0453125
2 0.5421875 0.403125 0.01875 0.05625
2 0.65 0.44140625 0.01875 0.053125
2 0.6546875 0.3890625 0.015625 0.0578125
3 0.48046875 0.39453125 0.015625 0.046875
2 0.26953125 0.3140625 0.015625 0.0453125
2 0.4453125 0.36796875 0.0140625 0.0515625
2 0.5671875 0.471875 0.0171875 0.0546875
2 0.4109375 0.36875 0.0203125 0.05
2 0.66171875 0.4515625 0.0140625 0.0609375
2 0.68515625 0.409375 0.01875 0.05625
2 0.47421875 0.45546875 0.01875 0.05625
2 0.5609375 0.52890625 0.0203125 0.0640625
2 0.4578125 0.4984375 0.015625 0.05625
3 0.8734375 0.63828125 0.025 0.08125
2 0.2453125 0.38359375 0.01875 0.0546875
2 0.36484375 0.53359375 0.0203125 0.071875
2 0.325 0.5171875 0.0296875 0.0671875
2 0.1734375 0.49375 0.0265625 0.0671875
3 0.26875 0.24453125 0.0109375 0.03125
0 0.34765625 0.55 0.0078125 0.015625