2 0.4484375 0.34375 0.0125 0.0421875
2 0.81796875 0.34921875 0.009375 0.0390625
2 0.3421875 0.28203125 0.015625 0.03125
2 0.7890625 0.3234375 0.0109375 0.0453125
2 0.34609375 0.3109375 0.009375 0.04375
2 0.81796875 0.3890625 0.0109375 0.0578125
2 0.46796875 0.265625 0.009375 0.0359375
2 0.4484375 0.36328125 0.0140625 0.0609375
2 0.49296875 0.29921875 0.009375 0.046875
2 0.478125 0.2796875 0.009375 0.040625
2 0.734375 0.29921875 0.0078125 0.0390625
2 0.80703125 0.37109375 0.0140625 0.0609375
1 0.0984375 0.3375 0.0125 0.0515625
2 0.50625 0.30859375 0.009375 0.0484375
3 0.6109375 0.35078125 0.0109375 0.0515625
2 0.62890625 0.3859375 0.0125 0.05
2 0.8609375 0.5421875 0.0171875 0.0765625
2 0.128125 0.4125 0.0125 0.0609375
2 0.71328125 0.371875 0.0125 0.05625
3 0.9203125 0.890625 0.0296875 0.1296875
2 0.35078125 0.59765625 0.0265625 0.1109375
2 0.84140625 0.76953125 0.0265625 0.1125
3 0.36875 0.25546875 0.009375 0.0390625