2 0.76640625 0.31953125 0.0171875 0.040625
2 0.32578125 0.3796875 0.0140625 0.034375
2 0.3625 0.4046875 0.0203125 0.0421875
2 0.809375 0.3765625 0.0234375 0.05
3 0.5421875 0.4 0.01875 0.046875
2 0.47734375 0.3890625 0.0171875 0.0421875
2 0.653125 0.36015625 0.0171875 0.0421875
2 0.85 0.43125 0.028125 0.0640625
2 0.51015625 0.3578125 0.015625 0.0390625
2 0.78515625 0.3796875 0.0203125 0.046875
2 0.40546875 0.51015625 0.021875 0.05
2 0.6125 0.3359375 0.015625 0.0390625
2 0.20625 0.5390625 0.025 0.053125
2 0.8328125 0.440625 0.03125 0.0625
2 0.59453125 0.44609375 0.025 0.0546875
2 0.41953125 0.45234375 0.01875 0.046875
2 0.3515625 0.671875 0.0328125 0.0703125
2 0.37265625 0.54921875 0.03125 0.0578125
3 0.9578125 0.67265625 0.05 0.0984375
2 0.728125 0.525 0.028125 0.0671875
2 0.64453125 0.5171875 0.0234375 0.065625
1 0.1828125 0.453125 0.0203125 0.04375
0 0.21484375 0.5609375 0.00625 0.0109375
3 0.3921875 0.31640625 0.0125 0.028125
2 0.5046875 0.30859375 0.015625 0.03125