3 0.43125 0.23125 0.009375 0.0359375
2 0.8734375 0.303125 0.0109375 0.040625
2 0.746875 0.25234375 0.0125 0.0359375
2 0.88515625 0.33515625 0.015625 0.053125
2 0.88984375 0.30625 0.0140625 0.04375
2 0.53671875 0.25859375 0.0109375 0.0375
2 0.77734375 0.2734375 0.015625 0.0421875
2 0.678125 0.30859375 0.015625 0.05
2 0.6203125 0.2890625 0.0109375 0.046875
2 0.7359375 0.3328125 0.0140625 0.0484375
2 0.6078125 0.290625 0.0140625 0.046875
3 0.7015625 0.3328125 0.0140625 0.05
2 0.4609375 0.33515625 0.0140625 0.0515625
2 0.47578125 0.303125 0.0109375 0.0453125
2 0.8671875 0.41953125 0.0171875 0.06875
2 0.36328125 0.3078125 0.0125 0.046875
2 0.57109375 0.41484375 0.01875 0.05625
1 0.090625 0.3375 0.015625 0.0515625
2 0.70859375 0.3890625 0.01875 0.05625
2 0.27109375 0.42421875 0.021875 0.0578125
2 0.8375 0.48125 0.03125 0.071875
2 0.79921875 0.44921875 0.025 0.06875
2 0.42421875 0.60546875 0.0296875 0.0984375
0 0.2796875 0.4515625 0.00625 0.0109375