2 0.428125 0.28984375 0.0140625 0.0375
2 0.553125 0.33984375 0.0140625 0.05
2 0.56953125 0.27734375 0.0125 0.040625
2 0.58671875 0.28984375 0.0125 0.0421875
2 0.63046875 0.3203125 0.0125 0.046875
2 0.7125 0.37734375 0.01875 0.0671875
2 0.51484375 0.38984375 0.0140625 0.0515625
2 0.9796875 0.3109375 0.015625 0.05625
2 0.5015625 0.32578125 0.0140625 0.046875
2 0.3015625 0.36015625 0.015625 0.046875
2 0.53984375 0.32265625 0.0140625 0.05
2 0.41953125 0.440625 0.0203125 0.065625
2 0.7171875 0.3859375 0.01875 0.0609375
2 0.67109375 0.33828125 0.0203125 0.05625
2 0.44140625 0.396875 0.01875 0.059375
2 0.515625 0.59609375 0.0265625 0.0921875
2 0.21171875 0.5234375 0.0296875 0.0765625
2 0.6296875 0.41640625 0.0203125 0.065625
2 0.58359375 0.45546875 0.01875 0.065625
2 0.8796875 0.66015625 0.03125 0.096875
2 0.79296875 0.47265625 0.0203125 0.0703125
3 0.55546875 0.35078125 0.0140625 0.053125
0 0.3671875 0.35 0.00625 0.0109375
3 0.2640625 0.2890625 0.015625 0.040625