2 0.53203125 0.30859375 0.021875 0.046875
2 0.215625 0.37734375 0.025 0.0625
3 0.303125 0.18515625 0.0203125 0.0453125
2 0.22421875 0.3265625 0.0234375 0.0515625
2 0.53828125 0.33046875 0.021875 0.0484375
0 0.6328125 0.446875 0.0078125 0.0125
2 0.39765625 0.23125 0.0203125 0.040625
2 0.6921875 0.27890625 0.0171875 0.046875
2 0.5 0.2328125 0.021875 0.0421875
2 0.565625 0.29921875 0.0203125 0.053125
2 0.66484375 0.27734375 0.0171875 0.046875
3 0.48203125 0.33359375 0.0234375 0.05625
2 0.28125 0.2546875 0.0234375 0.053125
2 0.38359375 0.28046875 0.021875 0.05625
2 0.3921875 0.3140625 0.021875 0.0484375
2 0.7 0.3015625 0.0203125 0.05
2 0.75625 0.3609375 0.0234375 0.0609375
2 0.34296875 0.2875 0.0234375 0.05625
2 0.62421875 0.35234375 0.0234375 0.0546875
2 0.4453125 0.33203125 0.0265625 0.0578125
2 0.7078125 0.475 0.034375 0.071875
2 0.2234375 0.4765625 0.03125 0.0734375
2 0.475 0.28984375 0.0234375 0.0546875