2 0.18671875 0.553125 0.0234375 0.075
2 0.4375 0.55703125 0.0234375 0.08125
2 0.21171875 0.45390625 0.0234375 0.0640625
2 0.19140625 0.4890625 0.0234375 0.0671875
2 0.4234375 0.446875 0.01875 0.06875
2 0.95390625 0.33828125 0.0140625 0.053125
2 0.41171875 0.334375 0.0140625 0.05
2 0.86953125 0.3859375 0.0171875 0.0578125
2 0.9546875 0.4421875 0.021875 0.0703125
2 0.9015625 0.29296875 0.0125 0.046875
2 0.684375 0.43984375 0.028125 0.06875
3 0.4703125 0.40625 0.0203125 0.065625
2 0.3640625 0.3953125 0.0234375 0.053125
2 0.38359375 0.309375 0.0109375 0.0546875
2 0.46953125 0.27421875 0.0125 0.04375
2 0.49140625 0.2734375 0.01875 0.046875
1 0.15625 0.3078125 0.0171875 0.046875
2 0.7046875 0.3203125 0.0140625 0.05
2 0.33046875 0.33359375 0.015625 0.0515625
2 0.8 0.3140625 0.0171875 0.0515625
2 0.36953125 0.32890625 0.015625 0.0515625
3 0.521875 0.209375 0.009375 0.0359375
2 0.35390625 0.40078125 0.0171875 0.05625
0 0.19140625 0.578125 0.0078125 0.0140625