2 0.63203125 0.44921875 0.021875 0.04375
2 0.53984375 0.39609375 0.01875 0.0421875
2 0.340625 0.34140625 0.0203125 0.040625
2 0.65078125 0.434375 0.021875 0.0421875
2 0.734375 0.4359375 0.0171875 0.04375
3 0.52578125 0.4125 0.0203125 0.0421875
1 0.19140625 0.30234375 0.0234375 0.04375
2 0.4296875 0.390625 0.0203125 0.04375
2 0.58984375 0.53671875 0.0265625 0.0625
2 0.78125 0.51171875 0.021875 0.0515625
2 0.2453125 0.4 0.021875 0.0515625
2 0.33828125 0.3828125 0.0203125 0.0484375
2 0.72890625 0.53671875 0.0234375 0.0578125
2 0.74375 0.53671875 0.0234375 0.05625
2 0.55390625 0.4703125 0.0234375 0.05
2 0.509375 0.47109375 0.025 0.0515625
2 0.51640625 0.73828125 0.0390625 0.08125
2 0.2328125 0.44765625 0.0234375 0.05625
3 0.88828125 0.8453125 0.0453125 0.0890625
2 0.6828125 0.62109375 0.0328125 0.06875
2 0.34140625 0.4984375 0.0234375 0.0546875
2 0.5765625 0.74453125 0.0390625 0.090625
2 0.45 0.609375 0.0328125 0.0703125
2 0.6 0.5328125 0.0234375 0.0390625
2 0.5875 0.3375 0.0171875 0.034375
3 0.4625 0.28359375 0.0109375 0.025
0 0.33671875 0.3578125 0.0078125 0.009375