2 0.4953125 0.24140625 0.015625 0.0328125
2 0.55625 0.26953125 0.015625 0.0390625
2 0.30703125 0.3234375 0.021875 0.0421875
2 0.6046875 0.296875 0.01875 0.05
2 0.36171875 0.3421875 0.021875 0.0484375
2 0.453125 0.33828125 0.0203125 0.05
3 0.49609375 0.35703125 0.021875 0.0546875
0 0.39140625 0.6515625 0.0109375 0.015625
2 0.74453125 0.3765625 0.03125 0.0578125
2 0.51875 0.51796875 0.025 0.05625
2 0.63671875 0.33125 0.0296875 0.0609375
2 0.29609375 0.52890625 0.03125 0.071875
2 0.55078125 0.375 0.0265625 0.0640625
2 0.1046875 0.628125 0.0421875 0.078125
2 0.28515625 0.52734375 0.028125 0.0734375
2 0.4984375 0.671875 0.0390625 0.1015625
2 0.56875 0.4390625 0.034375 0.0546875
1 0.90234375 0.24140625 0.0265625 0.053125
2 0.57578125 0.37265625 0.028125 0.0609375
2 0.159375 0.41640625 0.0265625 0.05625
2 0.7484375 0.46328125 0.0375 0.0703125
2 0.72734375 0.4890625 0.0359375 0.0828125
3 0.18359375 0.30625 0.01875 0.0421875