2 0.47421875 0.30546875 0.01875 0.0453125
2 0.54609375 0.26640625 0.0171875 0.0390625
2 0.51328125 0.253125 0.0171875 0.0375
2 0.4046875 0.32421875 0.0203125 0.046875
0 0.44140625 0.67421875 0.0140625 0.0171875
2 0.2640625 0.32109375 0.0171875 0.0375
2 0.47109375 0.33828125 0.0203125 0.0484375
2 0.646875 0.31484375 0.0265625 0.05625
3 0.52578125 0.33203125 0.021875 0.05
2 0.73984375 0.39375 0.0265625 0.053125
2 0.6234375 0.43125 0.025 0.0484375
2 0.6140625 0.3046875 0.028125 0.053125
2 0.2921875 0.4390625 0.025 0.0609375
1 0.884375 0.22734375 0.0265625 0.053125
2 0.790625 0.45234375 0.0328125 0.0609375
2 0.45546875 0.5078125 0.0296875 0.0671875
2 0.56328125 0.41640625 0.034375 0.059375
2 0.371875 0.42734375 0.0328125 0.0625
2 0.734375 0.503125 0.0328125 0.0703125
2 0.19375 0.42578125 0.025 0.0546875
2 0.17890625 0.58671875 0.034375 0.071875
3 0.97734375 0.55546875 0.0453125 0.0984375
2 0.528125 0.6640625 0.05625 0.0890625
3 0.2125 0.303125 0.01875 0.0421875
2 0.5765625 0.2875 0.0234375 0.046875