2 0.56953125 0.43671875 0.0140625 0.04375
2 0.5765625 0.33046875 0.015625 0.0421875
2 0.65390625 0.371875 0.0140625 0.046875
2 0.553125 0.29765625 0.0140625 0.0390625
1 0.8890625 0.365625 0.015625 0.0453125
2 0.546875 0.40546875 0.021875 0.0578125
2 0.653125 0.44921875 0.021875 0.053125
2 0.66015625 0.39765625 0.01875 0.0578125
3 0.4859375 0.39296875 0.01875 0.046875
2 0.2796875 0.30234375 0.0171875 0.046875
2 0.45234375 0.365625 0.0171875 0.053125
2 0.56875 0.47578125 0.0203125 0.05625
2 0.41796875 0.3640625 0.0234375 0.0515625
2 0.6640625 0.46015625 0.015625 0.0609375
2 0.68984375 0.41953125 0.021875 0.05625
2 0.4765625 0.4546875 0.021875 0.05625
2 0.559375 0.53203125 0.0234375 0.065625
2 0.4578125 0.49609375 0.01875 0.05625
3 0.865625 0.6578125 0.0296875 0.0828125
2 0.25234375 0.3703125 0.021875 0.0546875
2 0.36328125 0.5265625 0.025 0.071875
2 0.32421875 0.50859375 0.0328125 0.06875
2 0.17421875 0.4765625 0.0296875 0.06875
3 0.28203125 0.2328125 0.0125 0.03125
0 0.3453125 0.5421875 0.009375 0.015625