2 0.52578125 0.2796875 0.015625 0.040625
3 0.56484375 0.31171875 0.01875 0.046875
2 0.71796875 0.26875 0.0171875 0.040625
2 0.59921875 0.25 0.015625 0.0328125
2 0.40703125 0.28515625 0.0140625 0.040625
2 0.62578125 0.31171875 0.0140625 0.040625
2 0.4359375 0.2625 0.0140625 0.0359375
2 0.65859375 0.28046875 0.015625 0.0421875
2 0.415625 0.31015625 0.01875 0.0390625
2 0.47265625 0.2734375 0.015625 0.0375
2 0.49296875 0.27890625 0.015625 0.0421875
2 0.75859375 0.2765625 0.021875 0.05
1 0.1015625 0.34921875 0.015625 0.0453125
2 0.78984375 0.2765625 0.0171875 0.05
2 0.24921875 0.3203125 0.015625 0.0453125
2 0.80078125 0.3203125 0.0171875 0.0515625
2 0.5 0.35234375 0.015625 0.053125
2 0.25234375 0.3796875 0.01875 0.0515625
2 0.5765625 0.36640625 0.0203125 0.0578125
2 0.63671875 0.38046875 0.0203125 0.05
2 0.31953125 0.47421875 0.021875 0.0671875
3 0.33359375 0.2546875 0.0140625 0.0375
0 0.41171875 0.3265625 0.00625 0.0125
2 0.61796875 0.2546875 0.015625 0.040625