2 0.61328125 0.56484375 0.025 0.0515625
2 0.60546875 0.5890625 0.025 0.0625
1 0.86875 0.484375 0.0234375 0.0578125
2 0.63359375 0.4171875 0.0234375 0.0578125
2 0.66015625 0.471875 0.0171875 0.0515625
2 0.5859375 0.5703125 0.0328125 0.0625
2 0.6171875 0.503125 0.021875 0.0578125
2 0.6921875 0.46640625 0.021875 0.0578125
2 0.45859375 0.4765625 0.0203125 0.05625
2 0.50625 0.54609375 0.0203125 0.0625
3 0.484375 0.5171875 0.021875 0.0625
2 0.65625 0.5390625 0.0265625 0.0640625
2 0.76015625 0.5546875 0.0234375 0.0640625
2 0.31328125 0.42890625 0.01875 0.0578125
2 0.7234375 0.6015625 0.0265625 0.0625
2 0.571875 0.434375 0.0203125 0.0515625
2 0.06796875 0.609375 0.0328125 0.0875
2 0.059375 0.64609375 0.034375 0.08125
2 0.1046875 0.546875 0.025 0.075
2 0.640625 0.625 0.0296875 0.0671875
2 0.34765625 0.5921875 0.028125 0.0765625
2 0.5765625 0.64296875 0.0296875 0.0734375
3 0.10078125 0.265625 0.021875 0.0453125
0 0.57578125 0.59609375 0.009375 0.015625