0 0.36484375 0.4875 0.009375 0.0140625
2 0.79296875 0.49921875 0.0125 0.0328125
2 0.59140625 0.3859375 0.0203125 0.040625
2 0.628125 0.33359375 0.0171875 0.0390625
2 0.50390625 0.4328125 0.01875 0.05
2 0.7703125 0.4484375 0.021875 0.0453125
2 0.53125 0.39921875 0.015625 0.0453125
2 0.81875 0.43359375 0.0234375 0.046875
2 0.7875 0.53359375 0.01875 0.0625
3 0.6328125 0.4921875 0.015625 0.0546875
2 0.5140625 0.46953125 0.015625 0.05625
2 0.33125 0.38984375 0.0125 0.0484375
2 0.77578125 0.4953125 0.01875 0.0546875
2 0.48046875 0.46015625 0.01875 0.0546875
2 0.61484375 0.4828125 0.01875 0.0515625
2 0.45703125 0.53984375 0.01875 0.059375
2 0.59453125 0.56953125 0.0171875 0.0640625
2 0.7890625 0.67890625 0.0234375 0.0703125
2 0.290625 0.5046875 0.021875 0.0546875
2 0.4515625 0.590625 0.0203125 0.065625
2 0.65390625 0.7125 0.021875 0.0765625
2 0.3359375 0.7609375 0.0359375 0.0859375
3 0.3890625 0.30078125 0.0125 0.040625