0 0.4421875 0.540625 0.0078125 0.0109375
2 0.65625 0.52890625 0.0234375 0.0453125
2 0.475 0.44609375 0.01875 0.040625
2 0.5234375 0.47578125 0.0203125 0.0453125
2 0.77109375 0.575 0.0234375 0.0546875
2 0.49921875 0.46796875 0.0234375 0.04375
1 0.88671875 0.515625 0.0234375 0.0453125
2 0.60078125 0.42578125 0.021875 0.046875
2 0.66875 0.58828125 0.0234375 0.05625
2 0.42109375 0.39296875 0.0203125 0.040625
2 0.74921875 0.61640625 0.0234375 0.0546875
2 0.72265625 0.6265625 0.021875 0.040625
2 0.565625 0.44140625 0.0203125 0.04375
3 0.5828125 0.5234375 0.028125 0.053125
2 0.44375 0.50546875 0.0234375 0.0484375
2 0.68828125 0.4921875 0.021875 0.05
3 0.89765625 0.81796875 0.0375 0.0765625
2 0.57578125 0.490625 0.025 0.05
2 0.51953125 0.5140625 0.025 0.05
2 0.35625 0.4796875 0.0296875 0.053125
2 0.70234375 0.64765625 0.0296875 0.0609375
2 0.30625 0.4921875 0.025 0.0546875
2 0.26875 0.43203125 0.0296875 0.053125
2 0.40234375 0.55546875 0.0328125 0.0609375
3 0.24453125 0.27890625 0.0171875 0.0375