2 0.6375 0.4234375 0.0140625 0.040625
2 0.5640625 0.36484375 0.0078125 0.0296875
2 0.72734375 0.40234375 0.0125 0.034375
2 0.6484375 0.44375 0.009375 0.0421875
2 0.478125 0.36640625 0.0078125 0.03125
2 0.69921875 0.36953125 0.009375 0.0296875
2 0.471875 0.3875 0.0140625 0.0296875
2 0.6 0.36953125 0.0140625 0.0296875
3 0.9203125 0.8921875 0.0234375 0.096875
2 0.29375 0.39765625 0.0078125 0.040625
2 0.48984375 0.3765625 0.009375 0.0390625
2 0.49140625 0.44765625 0.0125 0.0359375
2 0.721875 0.60625 0.025 0.0625
2 0.80546875 0.4203125 0.0125 0.0390625
2 0.3734375 0.52578125 0.0140625 0.0546875
2 0.409375 0.4453125 0.0125 0.0453125
2 0.1984375 0.5625 0.0203125 0.0515625
2 0.30078125 0.4375 0.0140625 0.040625
2 0.80625 0.52109375 0.0234375 0.0515625
0 0.740625 0.39921875 0.0046875 0.009375
2 0.73203125 0.38203125 0.0140625 0.040625
3 0.64375 0.42578125 0.01875 0.0375
3 0.3609375 0.34765625 0.0109375 0.0390625