0 0.81328125 0.48046875 0.0078125 0.0125
2 0.59296875 0.37890625 0.0140625 0.0328125
2 0.52890625 0.428125 0.015625 0.0359375
2 0.4421875 0.45234375 0.0171875 0.0390625
2 0.58984375 0.6359375 0.0234375 0.05
3 0.4671875 0.50703125 0.015625 0.04375
2 0.2703125 0.51796875 0.021875 0.040625
2 0.74296875 0.4109375 0.01875 0.0421875
1 0.95546875 0.40234375 0.01875 0.046875
2 0.37109375 0.4640625 0.015625 0.0375
2 0.56796875 0.45390625 0.015625 0.0390625
2 0.19453125 0.596875 0.0234375 0.0484375
2 0.79453125 0.446875 0.021875 0.046875
2 0.31796875 0.5125 0.0171875 0.0421875
2 0.709375 0.525 0.028125 0.04375
2 0.68671875 0.4671875 0.01875 0.0453125
2 0.3015625 0.82421875 0.0296875 0.0703125
2 0.29375 0.6703125 0.0234375 0.0546875
2 0.6515625 0.48359375 0.01875 0.0453125
2 0.465625 0.59765625 0.0203125 0.0515625
2 0.86015625 0.48671875 0.0203125 0.0515625
2 0.38046875 0.53984375 0.0234375 0.0484375
2 0.29375 0.5859375 0.0171875 0.05
3 0.32265625 0.42421875 0.015625 0.0359375