2 0.6640625 0.515625 0.0109375 0.0359375
2 0.6671875 0.49296875 0.0125 0.0328125
2 0.43203125 0.4640625 0.009375 0.0296875
2 0.4890625 0.4625 0.0109375 0.0296875
2 0.72578125 0.47421875 0.009375 0.03125
2 0.5421875 0.50703125 0.009375 0.034375
1 0.0953125 0.50859375 0.0125 0.0453125
2 0.8140625 0.559375 0.0125 0.0390625
2 0.72109375 0.56015625 0.0171875 0.0359375
2 0.40625 0.5296875 0.0125 0.040625
3 0.59453125 0.5390625 0.009375 0.040625
2 0.684375 0.5375 0.009375 0.034375
2 0.6484375 0.53359375 0.015625 0.0390625
2 0.23984375 0.5015625 0.0125 0.0359375
2 0.47109375 0.60703125 0.0109375 0.040625
2 0.34453125 0.54609375 0.0109375 0.040625
1 0.91640625 0.5546875 0.0125 0.040625
2 0.384375 0.49375 0.0109375 0.034375
2 0.6765625 0.60390625 0.0125 0.04375
2 0.440625 0.584375 0.0125 0.04375
2 0.33984375 0.615625 0.0125 0.046875
2 0.3515625 0.6890625 0.0140625 0.0515625
2 0.1671875 0.546875 0.01875 0.04375
0 0.80625 0.575 0.0046875 0.0109375
3 0.409375 0.43515625 0.009375 0.0265625