2 0.61015625 0.425 0.015625 0.0390625
2 0.8015625 0.6421875 0.0203125 0.034375
2 0.6015625 0.44296875 0.0171875 0.0390625
2 0.36640625 0.37578125 0.015625 0.040625
3 0.553125 0.5140625 0.0203125 0.0484375
2 0.5390625 0.49140625 0.0203125 0.0453125
2 0.3796875 0.5046875 0.0234375 0.0515625
2 0.34921875 0.41953125 0.015625 0.040625
1 0.93125 0.51015625 0.0203125 0.05
2 0.7484375 0.55859375 0.01875 0.0515625
2 0.6765625 0.47421875 0.01875 0.046875
2 0.5625 0.5375 0.0171875 0.0546875
2 0.2296875 0.4453125 0.0203125 0.046875
2 0.63046875 0.5328125 0.0171875 0.0515625
2 0.67265625 0.58359375 0.0171875 0.05625
2 0.515625 0.49765625 0.028125 0.0546875
2 0.21015625 0.40703125 0.01875 0.0484375
2 0.44765625 0.46328125 0.0203125 0.0484375
2 0.68359375 0.61015625 0.0203125 0.05625
2 0.3921875 0.55234375 0.0234375 0.0609375
3 0.9328125 0.83203125 0.0484375 0.084375
2 0.23984375 0.509375 0.03125 0.0578125
2 0.784375 0.6421875 0.0203125 0.059375
3 0.24609375 0.30703125 0.0140625 0.034375