2 0.45234375 0.44765625 0.028125 0.04375
2 0.54296875 0.49375 0.0265625 0.0578125
3 0.61015625 0.50546875 0.0296875 0.05625
2 0.371875 0.5265625 0.0234375 0.053125
2 0.54921875 0.38203125 0.0203125 0.0453125
2 0.5171875 0.45390625 0.021875 0.0515625
2 0.4515625 0.478125 0.0234375 0.05
1 0.16484375 0.53984375 0.0359375 0.05
2 0.546875 0.4140625 0.0203125 0.0546875
2 0.59375 0.49375 0.028125 0.0609375
2 0.4234375 0.496875 0.0375 0.0578125
2 0.6484375 0.38671875 0.0203125 0.05
2 0.37890625 0.55859375 0.0296875 0.0578125
2 0.48046875 0.5 0.028125 0.0609375
2 0.328125 0.62734375 0.028125 0.0640625
2 0.8734375 0.4609375 0.028125 0.065625
2 0.81484375 0.51875 0.028125 0.071875
2 0.534375 0.55 0.0265625 0.065625
2 0.65859375 0.4953125 0.0296875 0.0625
2 0.3296875 0.675 0.0296875 0.071875
2 0.7390625 0.5765625 0.0296875 0.0734375
2 0.5328125 0.484375 0.0234375 0.0609375
3 0.553125 0.3390625 0.0234375 0.0390625
0 0.41171875 0.4375 0.009375 0.0140625