2 0.571875 0.3796875 0.0203125 0.0421875
3 0.5265625 0.54375 0.0203125 0.0609375
2 0.46796875 0.43046875 0.015625 0.05
2 0.53203125 0.50859375 0.01875 0.05
3 0.821875 0.97265625 0.04375 0.0546875
2 0.721875 0.5109375 0.01875 0.053125
1 0.11484375 0.4171875 0.0171875 0.053125
2 0.51328125 0.4 0.0140625 0.0453125
2 0.71328125 0.5625 0.0203125 0.0609375
2 0.87109375 0.5734375 0.01875 0.0640625
2 0.40625 0.475 0.0203125 0.05
2 0.65859375 0.4265625 0.01875 0.04375
2 0.63203125 0.4671875 0.0171875 0.05
2 0.8875 0.53671875 0.021875 0.05625
2 0.49765625 0.42109375 0.0140625 0.0453125
2 0.51171875 0.5171875 0.0203125 0.0578125
2 0.58828125 0.6296875 0.0203125 0.071875
2 0.3171875 0.5234375 0.01875 0.05625
2 0.7328125 0.6140625 0.0203125 0.0703125
2 0.278125 0.6 0.01875 0.0640625
2 0.30625 0.5390625 0.0203125 0.0640625
2 0.22578125 0.6796875 0.0234375 0.0765625
2 0.68671875 0.7171875 0.025 0.08125
0 0.571875 0.40078125 0.0046875 0.009375
3 0.571875 0.3453125 0.0140625 0.0390625