2 0.64765625 0.44609375 0.01875 0.040625
2 0.584375 0.3765625 0.0109375 0.0296875
2 0.73984375 0.4390625 0.015625 0.0359375
2 0.65546875 0.4671875 0.015625 0.0421875
2 0.49921875 0.36484375 0.0109375 0.03125
2 0.7171875 0.4015625 0.0140625 0.0296875
2 0.490625 0.384375 0.0171875 0.03125
2 0.61953125 0.38671875 0.0171875 0.03125
3 0.853125 0.9515625 0.034375 0.096875
2 0.31171875 0.36640625 0.0140625 0.040625
2 0.509375 0.3765625 0.0140625 0.0390625
2 0.49921875 0.446875 0.0171875 0.0375
2 0.703125 0.63984375 0.0328125 0.065625
2 0.8140625 0.46953125 0.0171875 0.040625
2 0.3703125 0.50546875 0.0203125 0.05625
2 0.41875 0.43203125 0.0171875 0.046875
2 0.19296875 0.5140625 0.0265625 0.053125
2 0.3125 0.40703125 0.0203125 0.0421875
2 0.7984375 0.56875 0.0296875 0.0546875
0 0.753125 0.4375 0.0046875 0.009375
2 0.74765625 0.41953125 0.01875 0.0421875
3 0.65390625 0.44921875 0.0234375 0.0390625
3 0.3859375 0.328125 0.015625 0.0390625