0 0.81328125 0.496875 0.0078125 0.0109375
2 0.59921875 0.38359375 0.0125 0.0328125
2 0.53203125 0.4296875 0.0140625 0.0359375
2 0.44453125 0.44921875 0.015625 0.0390625
2 0.58203125 0.640625 0.0203125 0.05
3 0.4671875 0.50546875 0.0140625 0.04375
2 0.26953125 0.50546875 0.01875 0.040625
2 0.74765625 0.4234375 0.0171875 0.0421875
1 0.96015625 0.4265625 0.015625 0.046875
2 0.3734375 0.4578125 0.0140625 0.0375
2 0.5703125 0.45703125 0.0125 0.0390625
2 0.18984375 0.58046875 0.021875 0.0484375
2 0.796875 0.4625 0.0203125 0.046875
2 0.31796875 0.503125 0.015625 0.0421875
2 0.70703125 0.5359375 0.025 0.0421875
2 0.6875 0.47734375 0.015625 0.0453125
2 0.284375 0.81328125 0.0265625 0.0703125
2 0.28515625 0.65859375 0.0203125 0.0546875
2 0.65234375 0.49140625 0.015625 0.0453125
2 0.4609375 0.5953125 0.0171875 0.0515625
2 0.86015625 0.50546875 0.0171875 0.0515625
2 0.37890625 0.53359375 0.021875 0.0484375
2 0.28984375 0.575 0.0140625 0.05
3 0.3265625 0.41484375 0.0140625 0.0359375