0 0.8578125 0.47578125 0.0078125 0.0109375
2 0.88671875 0.475 0.021875 0.034375
2 0.89140625 0.50703125 0.0265625 0.05625
1 0.8359375 0.3203125 0.021875 0.0484375
3 0.9953125 0.57265625 0.009375 0.0734375
2 0.89765625 0.528125 0.0234375 0.0609375
2 0.5578125 0.35859375 0.0203125 0.04375
2 0.3046875 0.4125 0.01875 0.04375
2 0.63125 0.3640625 0.01875 0.05
2 0.61484375 0.415625 0.01875 0.0484375
2 0.43515625 0.44609375 0.01875 0.05
2 0.740625 0.49453125 0.0203125 0.059375
2 0.82109375 0.5484375 0.0265625 0.065625
3 0.5578125 0.47578125 0.025 0.0546875
2 0.5515625 0.53671875 0.021875 0.0609375
2 0.69296875 0.55 0.0265625 0.06875
2 0.85078125 0.5390625 0.025 0.0625
2 0.71328125 0.39765625 0.025 0.0515625
2 0.4203125 0.6609375 0.0296875 0.0765625
2 0.6765625 0.64921875 0.0296875 0.078125
2 0.68125 0.5671875 0.0265625 0.065625
2 0.3171875 0.70625 0.034375 0.0765625
2 0.4796875 0.58125 0.0234375 0.0625
2 0.18125 0.5890625 0.028125 0.0625
3 0.153125 0.3625 0.015625 0.0390625