2 0.690625 0.42890625 0.0109375 0.0296875
2 0.47890625 0.440625 0.0109375 0.0375
3 0.53671875 0.51328125 0.0125 0.04375
2 0.67265625 0.48984375 0.009375 0.0359375
2 0.41015625 0.440625 0.0078125 0.034375
2 0.83046875 0.5375 0.01875 0.046875
2 0.6171875 0.4546875 0.009375 0.0359375
2 0.7640625 0.5046875 0.0125 0.040625
2 0.35703125 0.4796875 0.0125 0.040625
2 0.56484375 0.47890625 0.0078125 0.0375
2 0.1515625 0.534375 0.0125 0.0484375
2 0.396875 0.51953125 0.0125 0.040625
2 0.253125 0.4796875 0.0109375 0.040625
2 0.3140625 0.540625 0.0109375 0.05
2 0.7140625 0.5125 0.0125 0.0390625
2 0.28671875 0.61796875 0.0109375 0.0515625
2 0.72265625 0.584375 0.0109375 0.046875
1 0.96484375 0.52890625 0.0125 0.046875
2 0.84140625 0.58046875 0.015625 0.05
2 0.43125 0.59140625 0.0140625 0.0515625
2 0.49453125 0.62578125 0.0140625 0.0515625
2 0.265625 0.73359375 0.015625 0.0640625
3 0.37734375 0.40078125 0.009375 0.0359375
0 0.8234375 0.55390625 0.00625 0.0109375