2 0.63359375 0.534375 0.0140625 0.0484375
3 0.853125 0.9734375 0.03125 0.053125
2 0.53359375 0.43828125 0.0140625 0.040625
2 0.63671875 0.5390625 0.0171875 0.05625
0 0.99296875 0.4296875 0.009375 0.0140625
2 0.409375 0.44453125 0.015625 0.046875
2 0.64453125 0.428125 0.015625 0.046875
2 0.3984375 0.4296875 0.015625 0.0453125
2 0.5328125 0.81953125 0.0234375 0.078125
2 0.51953125 0.4828125 0.015625 0.046875
3 0.434375 0.5578125 0.01875 0.0625
2 0.4359375 0.5109375 0.01875 0.0546875
2 0.4703125 0.490625 0.0171875 0.05
2 0.79921875 0.66953125 0.0234375 0.0671875
2 0.35234375 0.46640625 0.01875 0.0546875
2 0.70390625 0.4921875 0.0171875 0.0546875
2 0.22421875 0.6015625 0.0203125 0.06875
2 0.36953125 0.55234375 0.0203125 0.059375
2 0.56640625 0.61796875 0.0203125 0.0671875
2 0.54921875 0.675 0.025 0.0671875
2 0.28984375 0.525 0.021875 0.0609375
2 0.2015625 0.7640625 0.0296875 0.0828125
2 0.409375 0.7015625 0.0234375 0.06875
3 0.4203125 0.365625 0.015625 0.0421875
0 0.64140625 0.44765625 0.0046875 0.009375