2 0.63515625 0.52734375 0.0125 0.0484375
3 0.878125 0.96328125 0.028125 0.0734375
2 0.53046875 0.43671875 0.0125 0.0390625
2 0.6390625 0.53125 0.0140625 0.05625
0 0.98828125 0.40390625 0.009375 0.0140625
2 0.40625 0.44921875 0.0140625 0.0453125
2 0.640625 0.4203125 0.0140625 0.046875
2 0.39453125 0.43515625 0.0125 0.04375
2 0.55 0.8171875 0.01875 0.078125
2 0.51875 0.48203125 0.0140625 0.0453125
3 0.4375 0.56171875 0.015625 0.0625
2 0.43671875 0.5140625 0.015625 0.0546875
2 0.4703125 0.4921875 0.0140625 0.0484375
2 0.8078125 0.65390625 0.01875 0.0671875
2 0.35078125 0.47421875 0.015625 0.0546875
2 0.703125 0.48125 0.0140625 0.053125
2 0.2296875 0.615625 0.0171875 0.06875
2 0.371875 0.559375 0.0171875 0.059375
2 0.57265625 0.6140625 0.015625 0.065625
2 0.55859375 0.67265625 0.0203125 0.0671875
2 0.29140625 0.5359375 0.01875 0.0609375
2 0.215625 0.77890625 0.025 0.0828125
2 0.41953125 0.70546875 0.0203125 0.06875
3 0.41328125 0.3703125 0.0140625 0.040625
0 0.63828125 0.43984375 0.0046875 0.009375