2 0.6421875 0.63125 0.0203125 0.025
2 0.44375 0.453125 0.015625 0.040625
2 0.36796875 0.42734375 0.0140625 0.0265625
2 0.43671875 0.4484375 0.0125 0.028125
2 0.6359375 0.634375 0.021875 0.028125
3 0.3234375 0.4265625 0.0140625 0.034375
3 0.89765625 0.81015625 0.028125 0.0703125
2 0.37578125 0.4296875 0.0140625 0.0328125
2 0.44296875 0.4328125 0.0203125 0.0390625
2 0.5546875 0.39765625 0.0171875 0.0328125
2 0.571875 0.3984375 0.01875 0.0328125
2 0.371875 0.47734375 0.0203125 0.040625
3 0.465625 0.48515625 0.01875 0.0453125
2 0.64140625 0.671875 0.0296875 0.065625
1 0.01953125 0.6015625 0.0203125 0.0453125
2 0.696875 0.4140625 0.0203125 0.0453125
2 0.2640625 0.478125 0.01875 0.0375
2 0.4671875 0.44921875 0.0171875 0.0390625
2 0.271875 0.5453125 0.0203125 0.046875
2 0.57734375 0.47578125 0.01875 0.0453125
2 0.58125 0.5671875 0.0265625 0.053125
2 0.740625 0.44921875 0.0203125 0.046875
2 0.45390625 0.5203125 0.021875 0.046875
2 0.75859375 0.44453125 0.0234375 0.0484375
2 0.29296875 0.57734375 0.0234375 0.0484375