2 0.65390625 0.471875 0.0140625 0.0375
2 0.67734375 0.4421875 0.0140625 0.040625
2 0.47421875 0.3921875 0.0140625 0.0390625
2 0.6609375 0.47265625 0.015625 0.0453125
3 0.871875 0.93359375 0.0390625 0.090625
2 0.47421875 0.46484375 0.01875 0.0421875
2 0.48984375 0.39609375 0.0140625 0.0375
2 0.5234375 0.4390625 0.01875 0.040625
2 0.71875 0.45546875 0.0171875 0.0421875
2 0.33203125 0.36484375 0.0171875 0.0375
3 0.553125 0.48203125 0.015625 0.0484375
1 0.0984375 0.35078125 0.0140625 0.0375
2 0.37109375 0.51328125 0.01875 0.0515625
2 0.61875 0.5015625 0.0171875 0.046875
2 0.30390625 0.4015625 0.0140625 0.040625
2 0.5359375 0.51328125 0.0171875 0.0484375
2 0.78203125 0.53515625 0.0203125 0.0515625
2 0.29765625 0.46640625 0.01875 0.05
2 0.51015625 0.45 0.021875 0.040625
2 0.66015625 0.67109375 0.01875 0.0578125
2 0.640625 0.59921875 0.01875 0.0546875
2 0.74765625 0.5484375 0.01875 0.0453125
2 0.7140625 0.74140625 0.025 0.0671875
3 0.365625 0.3453125 0.015625 0.0328125