0 0.4140625 0.4578125 0.0078125 0.0109375
2 0.65703125 0.21640625 0.0125 0.0359375
2 0.6375 0.353125 0.021875 0.0515625
3 0.534375 0.33125 0.028125 0.0546875
2 0.29765625 0.2234375 0.01875 0.0453125
2 0.55 0.27421875 0.0203125 0.046875
2 0.76875 0.32578125 0.0171875 0.05
2 0.6890625 0.35 0.021875 0.0484375
2 0.6484375 0.41484375 0.025 0.0625
2 0.75 0.29453125 0.0203125 0.046875
2 0.80859375 0.3703125 0.01875 0.0546875
2 0.15078125 0.31171875 0.021875 0.0578125
2 0.40234375 0.421875 0.034375 0.0625
2 0.6609375 0.50078125 0.028125 0.0609375
2 0.11328125 0.325 0.0265625 0.0609375
2 0.7609375 0.4390625 0.0234375 0.0546875
2 0.825 0.4671875 0.0265625 0.0625
2 0.59921875 0.89140625 0.046875 0.0953125
2 0.80625 0.5828125 0.028125 0.0734375
2 0.55390625 0.5953125 0.034375 0.0765625
2 0.68828125 0.5671875 0.028125 0.0734375
2 0.8734375 0.59609375 0.0265625 0.0671875
3 0.31171875 0.16015625 0.01875 0.040625