1 0.88515625 0.35859375 0.015625 0.0484375
2 0.5234375 0.253125 0.0109375 0.0546875
2 0.84296875 0.3453125 0.0171875 0.0515625
2 0.5875 0.225 0.015625 0.0546875
2 0.53203125 0.22421875 0.0140625 0.0484375
2 0.52890625 0.26640625 0.015625 0.053125
2 0.890625 0.38984375 0.0140625 0.059375
2 0.56171875 0.23671875 0.015625 0.0515625
2 0.72890625 0.31796875 0.0125 0.0484375
2 0.4125 0.30859375 0.0125 0.0640625
2 0.396875 0.2265625 0.0125 0.0515625
3 0.46875 0.27421875 0.0234375 0.059375
2 0.5984375 0.3328125 0.0125 0.0515625
2 0.55390625 0.2828125 0.0140625 0.0609375
2 0.846875 0.3921875 0.0171875 0.065625
2 0.71015625 0.31015625 0.015625 0.059375
2 0.79375 0.409375 0.0140625 0.0640625
2 0.74765625 0.33203125 0.0171875 0.0671875
2 0.21015625 0.32890625 0.015625 0.071875
2 0.17421875 0.3421875 0.0234375 0.0703125
2 0.46484375 0.46953125 0.01875 0.0765625
2 0.09296875 0.2765625 0.0203125 0.0671875