2 0.55625 0.1640625 0.021875 0.0359375
3 0.99609375 0.90625 0.0078125 0.040625
2 0.4984375 0.23046875 0.0203125 0.0390625
3 0.4328125 0.1734375 0.0125 0.03125
2 0.653125 0.21171875 0.01875 0.040625
2 0.50859375 0.23359375 0.0203125 0.0453125
2 0.5953125 0.1953125 0.015625 0.0421875
1 0.0109375 0.4078125 0.021875 0.059375
2 0.6546875 0.24296875 0.0234375 0.05
2 0.5234375 0.2703125 0.01875 0.0515625
2 0.625 0.2296875 0.0234375 0.0453125
2 0.49453125 0.284375 0.01875 0.0546875
2 0.3953125 0.28828125 0.01875 0.0515625
2 0.36953125 0.35078125 0.021875 0.0625
2 0.33828125 0.36640625 0.0203125 0.0609375
2 0.53671875 0.35390625 0.021875 0.0609375
2 0.73125 0.26953125 0.0203125 0.059375
3 0.50703125 0.35625 0.021875 0.0625
2 0.3296875 0.42265625 0.0234375 0.0671875
2 0.5265625 0.51015625 0.0265625 0.071875
2 0.41484375 0.44296875 0.0234375 0.065625
2 0.86015625 0.35546875 0.028125 0.06875
2 0.290625 0.484375 0.0234375 0.0671875
2 0.4734375 0.7 0.0359375 0.0953125
0 0.65078125 0.23046875 0.00625 0.009375