2 0.640625 0.34375 0.009375 0.0296875
2 0.4625 0.37578125 0.0125 0.0359375
2 0.79296875 0.38203125 0.0125 0.0359375
3 0.6453125 0.4015625 0.015625 0.0421875
2 0.55625 0.37734375 0.0109375 0.0359375
1 0.08515625 0.51953125 0.015625 0.046875
2 0.80234375 0.403125 0.0125 0.0359375
2 0.31328125 0.40859375 0.0109375 0.0359375
2 0.465625 0.45625 0.0125 0.046875
2 0.68046875 0.43046875 0.0109375 0.0453125
2 0.62578125 0.42890625 0.0125 0.0453125
2 0.19921875 0.4890625 0.015625 0.0421875
2 0.24296875 0.4890625 0.0125 0.05
2 0.83671875 0.4140625 0.0140625 0.0421875
2 0.65546875 0.51796875 0.015625 0.0546875
2 0.41171875 0.51328125 0.0171875 0.0546875
2 0.846875 0.5375 0.01875 0.0625
2 0.8671875 0.5109375 0.01875 0.0578125
2 0.6109375 0.68203125 0.0203125 0.0796875
2 0.58515625 0.565625 0.021875 0.059375
2 0.896875 0.58046875 0.0203125 0.06875
2 0.4796875 0.61796875 0.0171875 0.071875
0 0.096875 0.54609375 0.00625 0.0125
3 0.40625 0.33203125 0.009375 0.028125