2 0.57734375 0.340625 0.0109375 0.03125
2 0.61171875 0.41171875 0.0140625 0.0484375
2 0.6078125 0.421875 0.0171875 0.04375
2 0.81484375 0.4 0.0125 0.04375
2 0.5078125 0.371875 0.009375 0.03125
2 0.39453125 0.38046875 0.0109375 0.034375
2 0.7578125 0.365625 0.0125 0.0359375
2 0.7359375 0.378125 0.0140625 0.040625
3 0.64375 0.390625 0.015625 0.0421875
2 0.41953125 0.515625 0.0171875 0.0546875
2 0.6421875 0.4875 0.015625 0.053125
2 0.86875 0.4875 0.0171875 0.0578125
2 0.33125 0.4140625 0.0125 0.0421875
2 0.42578125 0.4359375 0.0140625 0.0421875
1 0.07890625 0.503125 0.021875 0.046875
2 0.82421875 0.49765625 0.0203125 0.0625
2 0.20078125 0.478125 0.0140625 0.0453125
2 0.484375 0.62578125 0.0203125 0.0671875
2 0.4296875 0.60234375 0.021875 0.0640625
2 0.86171875 0.54296875 0.021875 0.0625
2 0.4578125 0.5359375 0.0203125 0.053125
0 0.2609375 0.5625 0.009375 0.015625
2 0.309375 0.453125 0.01875 0.0390625
3 0.35 0.3390625 0.009375 0.0296875