2 0.82734375 0.40703125 0.015625 0.065625
2 0.69296875 0.3921875 0.0109375 0.04375
2 0.82421875 0.41640625 0.0125 0.05
2 0.68984375 0.43125 0.0140625 0.0453125
2 0.79375 0.3640625 0.0125 0.0390625
1 0.15859375 0.34375 0.015625 0.0453125
2 0.52578125 0.30234375 0.0109375 0.0359375
2 0.81796875 0.53203125 0.0171875 0.0609375
2 0.50703125 0.31875 0.0109375 0.0359375
2 0.3234375 0.378125 0.0140625 0.0453125
2 0.72734375 0.52890625 0.0125 0.053125
2 0.43203125 0.4859375 0.0171875 0.05625
3 0.90234375 0.96015625 0.0265625 0.0796875
2 0.4671875 0.4171875 0.01875 0.0421875
2 0.778125 0.6640625 0.01875 0.071875
2 0.77109375 0.575 0.015625 0.059375
2 0.0921875 0.45390625 0.015625 0.05625
3 0.57421875 0.3984375 0.0125 0.046875
2 0.81796875 0.5984375 0.01875 0.059375
2 0.33359375 0.48984375 0.0140625 0.0609375
2 0.45703125 0.6171875 0.0140625 0.0640625
2 0.70625 0.70546875 0.0234375 0.071875
2 0.3953125 0.7328125 0.0203125 0.0796875
0 0.175 0.36328125 0.0046875 0.009375
3 0.41953125 0.2296875 0.0109375 0.0328125