3 0.5109375 0.2890625 0.0109375 0.028125
2 0.5234375 0.35234375 0.015625 0.0359375
2 0.65625 0.35390625 0.0125 0.0328125
2 0.5421875 0.60546875 0.0203125 0.0453125
2 0.62265625 0.4671875 0.0125 0.04375
2 0.4046875 0.42421875 0.015625 0.046875
2 0.2609375 0.6421875 0.0171875 0.0515625
2 0.79921875 0.434375 0.0140625 0.040625
2 0.51875 0.465625 0.015625 0.046875
2 0.684375 0.440625 0.0125 0.040625
2 0.41640625 0.39453125 0.015625 0.0484375
2 0.61328125 0.7734375 0.025 0.075
2 0.25390625 0.69609375 0.0234375 0.06875
2 0.3859375 0.4796875 0.0171875 0.05
2 0.63046875 0.49453125 0.015625 0.05
2 0.68671875 0.55 0.01875 0.046875
1 0.18359375 0.3609375 0.015625 0.04375
2 0.37578125 0.47890625 0.015625 0.0515625
2 0.50703125 0.39765625 0.0125 0.040625
3 0.4765625 0.47578125 0.0171875 0.0515625
2 0.44140625 0.521875 0.0203125 0.0515625
2 0.825 0.59453125 0.028125 0.05625
0 0.82109375 0.61640625 0.0078125 0.0125