2 0.334375 0.35234375 0.0109375 0.0328125
1 0.91328125 0.38359375 0.0109375 0.034375
2 0.4359375 0.36875 0.015625 0.0375
2 0.5484375 0.3234375 0.009375 0.034375
2 0.6421875 0.39921875 0.015625 0.0375
2 0.5828125 0.40703125 0.0140625 0.0375
2 0.44296875 0.46328125 0.0109375 0.046875
3 0.48125 0.44140625 0.015625 0.0453125
2 0.7265625 0.41875 0.009375 0.046875
2 0.7046875 0.5625 0.0171875 0.05
2 0.315625 0.409375 0.009375 0.046875
2 0.5140625 0.50859375 0.0109375 0.053125
2 0.28046875 0.428125 0.015625 0.0484375
3 0.92890625 0.7703125 0.0265625 0.0796875
2 0.2125 0.55 0.0125 0.059375
2 0.771875 0.54296875 0.015625 0.059375
2 0.61328125 0.5140625 0.0140625 0.0515625
2 0.6296875 0.48046875 0.0125 0.046875
2 0.42734375 0.4796875 0.0203125 0.046875
2 0.54140625 0.4953125 0.0171875 0.0515625
2 0.27890625 0.6640625 0.0234375 0.0609375
2 0.375 0.5859375 0.0203125 0.0546875
2 0.20078125 0.65859375 0.025 0.0671875
0 0.60546875 0.4828125 0.0046875 0.0125
3 0.27734375 0.25078125 0.0109375 0.034375