2 0.82890625 0.4125 0.0171875 0.065625
2 0.6953125 0.3953125 0.0125 0.04375
2 0.82578125 0.421875 0.0140625 0.05
2 0.690625 0.434375 0.015625 0.0453125
2 0.79609375 0.36875 0.0140625 0.0390625
1 0.1609375 0.3375 0.0171875 0.0453125
2 0.52890625 0.30234375 0.0109375 0.0359375
2 0.8171875 0.5375 0.01875 0.0609375
2 0.51015625 0.31875 0.0109375 0.0359375
2 0.32578125 0.375 0.0140625 0.0453125
2 0.7265625 0.5328125 0.0125 0.053125
2 0.43203125 0.484375 0.01875 0.05625
3 0.89375 0.96328125 0.028125 0.0734375
2 0.46875 0.41640625 0.01875 0.0421875
2 0.775 0.66953125 0.0203125 0.071875
2 0.76953125 0.5796875 0.0171875 0.0609375
2 0.09296875 0.446875 0.0171875 0.0578125
3 0.5765625 0.4 0.0125 0.046875
2 0.81640625 0.60390625 0.0203125 0.059375
2 0.334375 0.48671875 0.015625 0.0609375
2 0.45546875 0.61640625 0.015625 0.0640625
2 0.703125 0.709375 0.0234375 0.071875
2 0.39140625 0.73125 0.021875 0.0796875
0 0.17734375 0.35703125 0.00625 0.009375
3 0.42421875 0.228125 0.0109375 0.0328125