2 0.496875 0.3875 0.015625 0.0359375
2 0.41015625 0.38203125 0.0140625 0.0359375
2 0.575 0.39921875 0.01875 0.0375
2 0.30078125 0.82421875 0.0234375 0.0796875
2 0.8015625 0.51484375 0.028125 0.0515625
2 0.63046875 0.540625 0.0234375 0.053125
2 0.6609375 0.496875 0.0203125 0.053125
2 0.5265625 0.41953125 0.0140625 0.04375
2 0.3578125 0.61796875 0.0203125 0.0609375
2 0.3234375 0.4625 0.015625 0.040625
2 0.23671875 0.5796875 0.0203125 0.05625
2 0.28984375 0.7578125 0.0265625 0.0734375
3 0.490625 0.50859375 0.0203125 0.053125
2 0.6671875 0.6828125 0.0296875 0.0703125
2 0.62734375 0.66640625 0.0203125 0.065625
2 0.70859375 0.509375 0.01875 0.0515625
2 0.6984375 0.4390625 0.021875 0.046875
2 0.70078125 0.596875 0.0234375 0.0578125
2 0.6375 0.59921875 0.0234375 0.0609375
2 0.87109375 0.5515625 0.028125 0.05625
2 0.53125 0.56171875 0.0203125 0.0609375
0 0.86953125 0.48203125 0.00625 0.009375
1 0.83203125 0.38203125 0.025 0.0375
3 0.1609375 0.375 0.0140625 0.0375