2 0.7234375 0.328125 0.009375 0.0359375
2 0.56875 0.3171875 0.009375 0.0359375
2 0.66015625 0.34140625 0.009375 0.0359375
2 0.76015625 0.35546875 0.0109375 0.0421875
2 0.659375 0.3796875 0.0125 0.0390625
2 0.28984375 0.328125 0.015625 0.0359375
2 0.73515625 0.34375 0.0140625 0.040625
2 0.52578125 0.5875 0.0140625 0.0546875
2 0.7203125 0.440625 0.015625 0.0453125
2 0.44453125 0.4359375 0.015625 0.0484375
2 0.45234375 0.396875 0.0109375 0.040625
2 0.696875 0.503125 0.0140625 0.0546875
2 0.78359375 0.45390625 0.0140625 0.0515625
1 0.1890625 0.4171875 0.01875 0.046875
3 0.62109375 0.378125 0.0140625 0.04375
2 0.30078125 0.453125 0.0125 0.0484375
3 0.91796875 0.9109375 0.034375 0.0921875
2 0.7171875 0.5859375 0.0203125 0.065625
2 0.7484375 0.55390625 0.0203125 0.0625
2 0.1234375 0.56484375 0.015625 0.0609375
2 0.63203125 0.55859375 0.021875 0.0578125
2 0.45859375 0.83203125 0.034375 0.0765625
0 0.26015625 0.39609375 0.00625 0.0125
3 0.34140625 0.2640625 0.009375 0.0296875