2 0.48671875 0.38828125 0.01875 0.0359375
2 0.4 0.38984375 0.015625 0.0359375
2 0.565625 0.39375 0.0203125 0.0375
2 0.33046875 0.840625 0.03125 0.0796875
2 0.80234375 0.4890625 0.03125 0.053125
2 0.63359375 0.5296875 0.028125 0.053125
2 0.66015625 0.4828125 0.025 0.053125
2 0.51953125 0.41796875 0.01875 0.04375
2 0.36875 0.6296875 0.025 0.0609375
2 0.32109375 0.478125 0.01875 0.040625
2 0.24453125 0.60234375 0.025 0.05625
2 0.31328125 0.775 0.0328125 0.0734375
3 0.49140625 0.509375 0.025 0.053125
2 0.68203125 0.6671875 0.034375 0.071875
2 0.64140625 0.6546875 0.0265625 0.065625
2 0.70859375 0.49140625 0.0234375 0.0515625
2 0.6921875 0.421875 0.0265625 0.0484375
2 0.70859375 0.5796875 0.028125 0.0578125
2 0.64609375 0.58671875 0.028125 0.0625
2 0.87421875 0.51875 0.0328125 0.0578125
2 0.53671875 0.55859375 0.025 0.0609375
0 0.8671875 0.45 0.00625 0.0109375
1 0.8203125 0.35390625 0.028125 0.0375
3 0.1515625 0.4046875 0.0171875 0.0375