2 0.4421875 0.315625 0.0125 0.03125
2 0.72109375 0.4265625 0.0140625 0.0375
2 0.41484375 0.41953125 0.015625 0.04375
2 0.2625 0.4328125 0.015625 0.0453125
2 0.440625 0.36640625 0.0125 0.0375
1 0.88125 0.515625 0.0171875 0.0421875
2 0.31796875 0.6703125 0.025 0.0625
2 0.29609375 0.42734375 0.0171875 0.04375
3 0.37109375 0.46953125 0.0171875 0.05
2 0.30390625 0.359375 0.015625 0.040625
2 0.4609375 0.40078125 0.015625 0.040625
2 0.65234375 0.596875 0.01875 0.0515625
2 0.34375 0.534375 0.01875 0.053125
2 0.53359375 0.6828125 0.021875 0.05625
2 0.6296875 0.48125 0.01875 0.046875
2 0.26640625 0.534375 0.0203125 0.05625
2 0.21328125 0.51953125 0.0203125 0.0578125
2 0.2359375 0.64296875 0.0265625 0.0625
2 0.69375 0.78984375 0.021875 0.06875
3 0.9265625 0.825 0.03125 0.06875
2 0.83359375 0.66875 0.021875 0.0609375
2 0.53046875 0.51484375 0.01875 0.0484375
2 0.17578125 0.55859375 0.0234375 0.0640625
0 0.71875 0.45234375 0.00625 0.0078125
3 0.29296875 0.275 0.0109375 0.028125