3 0.30859375 0.21328125 0.015625 0.03125
2 0.69296875 0.42421875 0.0234375 0.05
2 0.7109375 0.3875 0.025 0.046875
2 0.44765625 0.384375 0.021875 0.05
2 0.7046875 0.425 0.028125 0.053125
2 0.6203125 0.38984375 0.0203125 0.0421875
2 0.5578125 0.35078125 0.0171875 0.04375
2 0.346875 0.2828125 0.021875 0.04375
2 0.190625 0.30546875 0.03125 0.0546875
2 0.18359375 0.35234375 0.028125 0.0578125
2 0.4328125 0.4796875 0.025 0.05625
2 0.42109375 0.32734375 0.021875 0.046875
2 0.23984375 0.92890625 0.028125 0.04375
2 0.628125 0.41953125 0.021875 0.0484375
2 0.1375 0.40390625 0.034375 0.0625
3 0.55078125 0.44140625 0.0265625 0.053125
2 0.471875 0.41640625 0.0296875 0.0515625
2 0.11640625 0.4640625 0.0390625 0.06875
2 0.6953125 0.66875 0.034375 0.065625
2 0.09765625 0.640625 0.040625 0.0796875
2 0.753125 0.61171875 0.028125 0.0609375
2 0.4875 0.5375 0.03125 0.0640625
2 0.8140625 0.52421875 0.025 0.0578125
0 0.696875 0.38671875 0.00625 0.0109375