2 0.690625 0.2921875 0.015625 0.0359375
2 0.5359375 0.30859375 0.015625 0.0359375
2 0.63046875 0.31640625 0.015625 0.0359375
2 0.73125 0.3125 0.01875 0.0421875
2 0.6359375 0.35390625 0.01875 0.0390625
2 0.26328125 0.3671875 0.0203125 0.0359375
2 0.70390625 0.3046875 0.0203125 0.0421875
2 0.540625 0.58203125 0.0234375 0.0546875
2 0.70703125 0.403125 0.0234375 0.0453125
2 0.434375 0.44609375 0.0234375 0.05
2 0.43515625 0.40703125 0.0171875 0.040625
2 0.69453125 0.46953125 0.0234375 0.05625
2 0.77109375 0.4046875 0.021875 0.053125
1 0.17890625 0.471875 0.025 0.0484375
3 0.5984375 0.35859375 0.021875 0.0453125
2 0.29609375 0.48828125 0.0203125 0.0484375
3 0.97890625 0.83203125 0.0421875 0.0953125
2 0.72890625 0.546875 0.03125 0.065625
2 0.75390625 0.51015625 0.03125 0.0625
2 0.13984375 0.62890625 0.025 0.0609375
2 0.63984375 0.53515625 0.03125 0.059375
2 0.5171875 0.83359375 0.046875 0.0796875
0 0.24609375 0.4390625 0.0078125 0.0125
3 0.303125 0.2953125 0.0140625 0.0296875