2 0.30546875 0.39296875 0.015625 0.0328125
1 0.8765625 0.29375 0.015625 0.034375
2 0.4078125 0.38671875 0.021875 0.0390625
2 0.5078125 0.3171875 0.0140625 0.034375
2 0.615625 0.3703125 0.021875 0.0390625
2 0.56015625 0.390625 0.0203125 0.0390625
2 0.4359375 0.47734375 0.01875 0.046875
3 0.46796875 0.44765625 0.021875 0.046875
2 0.70234375 0.3703125 0.0171875 0.046875
2 0.7140625 0.51484375 0.0234375 0.0515625
2 0.3 0.453125 0.0171875 0.046875
2 0.515625 0.5046875 0.01875 0.053125
2 0.2703125 0.4796875 0.0234375 0.05
3 0.97890625 0.6671875 0.0390625 0.08125
2 0.23046875 0.61328125 0.021875 0.0609375
2 0.775 0.48046875 0.0234375 0.059375
2 0.6140625 0.48828125 0.021875 0.053125
2 0.621875 0.4515625 0.01875 0.046875
2 0.42421875 0.49609375 0.0265625 0.0484375
2 0.5390625 0.4859375 0.025 0.053125
2 0.321875 0.709375 0.0328125 0.0640625
2 0.39765625 0.6125 0.028125 0.0578125
2 0.24375 0.721875 0.0359375 0.0703125
0 0.5984375 0.459375 0.00625 0.0125
3 0.2265625 0.30703125 0.015625 0.034375