2 0.403125 0.39375 0.0109375 0.04375
2 0.3796875 0.4234375 0.0125 0.040625
2 0.4109375 0.40078125 0.0171875 0.04375
2 0.4875 0.33828125 0.0125 0.034375
2 0.6609375 0.42109375 0.0109375 0.040625
2 0.44296875 0.53671875 0.0171875 0.0515625
2 0.67109375 0.43046875 0.0109375 0.0390625
2 0.58671875 0.39375 0.0125 0.0390625
2 0.49140625 0.4203125 0.0125 0.0390625
2 0.38984375 0.4296875 0.0140625 0.046875
2 0.6375 0.51328125 0.0140625 0.0515625
3 0.4609375 0.465625 0.0125 0.046875
2 0.73125 0.37890625 0.0109375 0.0390625
2 0.56484375 0.39453125 0.0125 0.0390625
2 0.3453125 0.4734375 0.015625 0.05
1 0.09296875 0.3921875 0.01875 0.0484375
2 0.41796875 0.49296875 0.021875 0.05
3 0.95859375 0.9421875 0.0296875 0.0828125
2 0.284375 0.64375 0.0171875 0.0609375
2 0.6296875 0.71328125 0.0203125 0.0703125
2 0.83984375 0.53046875 0.015625 0.05
2 0.23125 0.8015625 0.021875 0.0796875
3 0.45390625 0.278125 0.009375 0.028125
2 0.60625 0.31875 0.0109375 0.0359375