2 0.66875 0.403125 0.015625 0.040625
2 0.88046875 0.446875 0.01875 0.046875
2 0.615625 0.41171875 0.0109375 0.04375
2 0.8625 0.4546875 0.015625 0.05
2 0.528125 0.4765625 0.0171875 0.046875
2 0.575 0.4953125 0.0125 0.05
2 0.40625 0.38203125 0.0109375 0.0328125
2 0.2421875 0.603125 0.0140625 0.0546875
3 0.50625 0.45078125 0.0140625 0.0453125
2 0.6953125 0.578125 0.015625 0.059375
2 0.17109375 0.48046875 0.0140625 0.0421875
2 0.19140625 0.4609375 0.0125 0.0421875
2 0.4046875 0.43046875 0.015625 0.0421875
2 0.46640625 0.58671875 0.015625 0.0546875
2 0.62109375 0.69140625 0.0265625 0.0671875
2 0.36796875 0.5421875 0.0171875 0.0546875
2 0.13125 0.73984375 0.0234375 0.0703125
2 0.546875 0.6265625 0.0171875 0.0625
2 0.11328125 0.57578125 0.01875 0.0546875
2 0.15703125 0.83671875 0.025 0.0796875
2 0.4609375 0.74765625 0.03125 0.06875
3 0.06953125 0.39375 0.015625 0.040625