2 0.27890625 0.50546875 0.0234375 0.0390625
2 0.425 0.41875 0.015625 0.034375
2 0.2609375 0.51953125 0.01875 0.040625
3 0.4 0.50390625 0.015625 0.04375
2 0.18671875 0.54140625 0.015625 0.0421875
2 0.409375 0.43203125 0.015625 0.0375
2 0.4046875 0.52265625 0.0171875 0.0453125
2 0.1046875 0.62109375 0.0203125 0.0484375
2 0.6234375 0.41015625 0.0140625 0.040625
2 0.13046875 0.59375 0.0203125 0.05
2 0.58984375 0.41328125 0.015625 0.0390625
2 0.909375 0.58203125 0.021875 0.0703125
2 0.24296875 0.60859375 0.021875 0.0546875
2 0.90625 0.46953125 0.021875 0.0546875
2 0.59140625 0.51328125 0.01875 0.0546875
2 0.45625 0.60859375 0.0234375 0.059375
2 0.9328125 0.5875 0.025 0.0703125
2 0.4296875 0.61171875 0.0265625 0.0546875
2 0.578125 0.52578125 0.0203125 0.0515625
3 0.98984375 0.75703125 0.0203125 0.0921875
2 0.27265625 0.49609375 0.015625 0.040625
1 0.32734375 0.44609375 0.021875 0.0359375
2 0.41875 0.43046875 0.015625 0.0390625
3 0.496875 0.33671875 0.0125 0.0296875