3 0.12265625 0.41796875 0.0171875 0.0375
2 0.31328125 0.3765625 0.0203125 0.034375
2 0.325 0.37578125 0.01875 0.0390625
2 0.70234375 0.265625 0.0171875 0.0375
2 0.66640625 0.28828125 0.01875 0.040625
2 0.240625 0.41875 0.01875 0.0390625
2 0.3484375 0.390625 0.0234375 0.0421875
1 0.86484375 0.27421875 0.021875 0.046875
2 0.68125 0.29296875 0.01875 0.04375
2 0.34296875 0.4359375 0.0203125 0.0453125
3 0.56328125 0.33125 0.021875 0.0453125
2 0.5375 0.33046875 0.0171875 0.040625
2 0.51328125 0.3671875 0.0203125 0.040625
2 0.5953125 0.35703125 0.021875 0.0453125
2 0.55546875 0.36875 0.0203125 0.0484375
2 0.7765625 0.34765625 0.025 0.0515625
2 0.76640625 0.37421875 0.025 0.0484375
2 0.13515625 0.50078125 0.025 0.0546875
2 0.4453125 0.44140625 0.0203125 0.05
2 0.20546875 0.60546875 0.0328125 0.0703125
2 0.1703125 0.5625 0.0265625 0.0625
2 0.4140625 0.571875 0.0328125 0.0625