2 0.11953125 0.615625 0.025 0.0453125
2 0.425 0.43125 0.015625 0.0375
2 0.40703125 0.475 0.0140625 0.0359375
2 0.39765625 0.515625 0.0203125 0.0421875
2 0.6015625 0.4171875 0.015625 0.0359375
2 0.4484375 0.47421875 0.0171875 0.0390625
2 0.61484375 0.41171875 0.0140625 0.0390625
2 0.28359375 0.56875 0.0171875 0.046875
2 0.60078125 0.525 0.0203125 0.05
2 0.425 0.54609375 0.01875 0.046875
2 0.88359375 0.47421875 0.0203125 0.0546875
2 0.615625 0.515625 0.01875 0.05
2 0.41171875 0.61171875 0.01875 0.0515625
2 0.88359375 0.5578125 0.021875 0.0609375
2 0.42578125 0.6171875 0.021875 0.0578125
2 0.23515625 0.64140625 0.0234375 0.0515625
3 0.9609375 0.7234375 0.03125 0.084375
2 0.86796875 0.56171875 0.0265625 0.0640625
2 0.09921875 0.62734375 0.0171875 0.0453125
2 0.109375 0.63046875 0.0203125 0.0453125
1 0.3453125 0.4484375 0.0171875 0.0375
2 0.41640625 0.4375 0.0171875 0.0375