0 0.57578125 0.46171875 0.0078125 0.0109375
2 0.38984375 0.31484375 0.01875 0.0453125
2 0.259375 0.321875 0.0234375 0.0515625
2 0.3578125 0.30234375 0.01875 0.0453125
2 0.27421875 0.3046875 0.01875 0.046875
2 0.48828125 0.4015625 0.0265625 0.0578125
2 0.615625 0.40078125 0.0265625 0.053125
2 0.45390625 0.3375 0.021875 0.0515625
2 0.56640625 0.434375 0.028125 0.05
2 0.4046875 0.39140625 0.0234375 0.053125
2 0.3484375 0.40078125 0.0296875 0.0578125
2 0.81796875 0.47734375 0.028125 0.0625
2 0.2109375 0.35859375 0.021875 0.059375
2 0.4328125 0.36015625 0.025 0.05625
2 0.4453125 0.5890625 0.034375 0.071875
2 0.2125 0.3984375 0.0296875 0.0671875
2 0.31953125 0.36640625 0.0265625 0.05625
3 0.5265625 0.42578125 0.034375 0.0546875
2 0.82421875 0.61953125 0.0390625 0.075
2 0.60234375 0.5953125 0.0421875 0.0734375
2 0.90234375 0.596875 0.0375 0.071875
2 0.2359375 0.4921875 0.0375 0.06875
3 0.35390625 0.2609375 0.01875 0.0421875