2 0.70078125 0.3421875 0.0140625 0.0390625
2 0.29609375 0.39453125 0.009375 0.0421875
2 0.18203125 0.4125 0.0109375 0.040625
2 0.30234375 0.4 0.009375 0.040625
1 0.86640625 0.3765625 0.0125 0.040625
2 0.628125 0.41796875 0.009375 0.0421875
2 0.734375 0.3734375 0.009375 0.0375
2 0.76640625 0.3671875 0.009375 0.040625
2 0.1375 0.51953125 0.015625 0.0609375
2 0.553125 0.54921875 0.01875 0.0515625
2 0.821875 0.44765625 0.0109375 0.046875
3 0.671875 0.36953125 0.0109375 0.040625
2 0.83828125 0.41953125 0.015625 0.046875
2 0.71484375 0.421875 0.0109375 0.04375
2 0.28203125 0.39375 0.0078125 0.0390625
2 0.31953125 0.4578125 0.0140625 0.05
2 0.515625 0.41796875 0.0140625 0.0484375
2 0.16328125 0.45625 0.015625 0.0515625
2 0.5796875 0.38984375 0.009375 0.040625
2 0.4953125 0.4515625 0.0109375 0.0484375
2 0.14921875 0.5609375 0.021875 0.0640625
3 0.16171875 0.36171875 0.009375 0.0328125
2 0.76796875 0.3453125 0.009375 0.034375
0 0.7734375 0.35546875 0.0046875 0.0078125