2 0.5359375 0.34765625 0.0140625 0.0390625
2 0.2171875 0.41640625 0.0125 0.0515625
2 0.32578125 0.38046875 0.0125 0.040625
2 0.57109375 0.33359375 0.0171875 0.0453125
2 0.55078125 0.38984375 0.0140625 0.0453125
2 0.721875 0.33359375 0.0140625 0.0453125
2 0.2828125 0.43125 0.0140625 0.05
2 0.28984375 0.4734375 0.0171875 0.05
2 0.53046875 0.3984375 0.0140625 0.05
1 0.84375 0.340625 0.0171875 0.046875
2 0.346875 0.41640625 0.0171875 0.0515625
2 0.13359375 0.47421875 0.0203125 0.0578125
2 0.46953125 0.38671875 0.0125 0.046875
3 0.44296875 0.43515625 0.0140625 0.05625
2 0.81640625 0.4453125 0.0140625 0.0609375
2 0.10546875 0.5359375 0.01875 0.0671875
2 0.16953125 0.57734375 0.021875 0.0640625
2 0.63046875 0.43515625 0.01875 0.0609375
2 0.14609375 0.54609375 0.021875 0.0703125
2 0.32421875 0.52109375 0.015625 0.0609375
2 0.4828125 0.52734375 0.0234375 0.0609375
2 0.640625 0.54609375 0.01875 0.06875
0 0.7203125 0.35390625 0.00625 0.0109375
3 0.12421875 0.38203125 0.0140625 0.0453125