2 0.68671875 0.43515625 0.0078125 0.03125
2 0.42734375 0.4390625 0.00625 0.0296875
2 0.4296875 0.47890625 0.0078125 0.034375
2 0.5265625 0.44375 0.00625 0.03125
2 0.74453125 0.540625 0.0140625 0.040625
2 0.2953125 0.4796875 0.009375 0.034375
2 0.771875 0.47109375 0.009375 0.0390625
2 0.11015625 0.571875 0.009375 0.04375
2 0.375 0.496875 0.009375 0.0390625
2 0.61875 0.51484375 0.009375 0.040625
3 0.9578125 0.76875 0.028125 0.071875
2 0.2203125 0.61171875 0.0109375 0.04375
3 0.41640625 0.52265625 0.0125 0.0390625
2 0.93046875 0.60390625 0.0125 0.0546875
1 0.12890625 0.54375 0.0140625 0.0375
2 0.4734375 0.509375 0.009375 0.0390625
2 0.40078125 0.58515625 0.009375 0.046875
2 0.8734375 0.59765625 0.021875 0.05
2 0.6578125 0.55546875 0.0109375 0.0453125
2 0.625 0.7125 0.0203125 0.05625
2 0.225 0.69765625 0.0140625 0.05625
2 0.76484375 0.68203125 0.0171875 0.0640625
2 0.70078125 0.43359375 0.0078125 0.0328125
0 0.12890625 0.54375 0.0046875 0.0109375