2 0.67890625 0.415625 0.0109375 0.03125
2 0.421875 0.446875 0.009375 0.0296875
2 0.428125 0.48671875 0.0125 0.034375
2 0.52109375 0.44140625 0.009375 0.03125
2 0.74765625 0.51484375 0.01875 0.0421875
2 0.29453125 0.5015625 0.0140625 0.0359375
2 0.7671875 0.44296875 0.0140625 0.040625
2 0.11953125 0.6125 0.0140625 0.04375
2 0.375 0.509375 0.0125 0.0390625
2 0.61953125 0.50234375 0.0140625 0.0421875
3 0.9828125 0.71953125 0.034375 0.0734375
2 0.23359375 0.63984375 0.015625 0.04375
3 0.41953125 0.53125 0.0171875 0.040625
2 0.9390625 0.55859375 0.0171875 0.0546875
1 0.13515625 0.58203125 0.01875 0.0375
2 0.475 0.5125 0.0125 0.0390625
2 0.41015625 0.59453125 0.0140625 0.046875
2 0.88125 0.55859375 0.0265625 0.0515625
2 0.6625 0.5390625 0.015625 0.046875
2 0.64609375 0.69765625 0.025 0.0578125
2 0.246875 0.72578125 0.0203125 0.0578125
2 0.7828125 0.65390625 0.0234375 0.0640625
2 0.69296875 0.41328125 0.0109375 0.0328125
0 0.13515625 0.58203125 0.00625 0.0109375