0 0.575 0.46015625 0.0078125 0.0109375
2 0.38671875 0.31640625 0.0171875 0.0453125
2 0.25625 0.32578125 0.021875 0.0515625
2 0.3546875 0.3046875 0.0171875 0.0453125
2 0.27109375 0.30859375 0.01875 0.046875
2 0.48671875 0.4015625 0.0265625 0.0578125
2 0.6140625 0.3984375 0.0265625 0.053125
2 0.45078125 0.33828125 0.021875 0.0515625
2 0.56484375 0.4328125 0.0265625 0.05
2 0.403125 0.39296875 0.0234375 0.053125
2 0.346875 0.403125 0.028125 0.0578125
2 0.8171875 0.471875 0.028125 0.0625
2 0.20859375 0.3640625 0.0203125 0.059375
2 0.4296875 0.36171875 0.0234375 0.05625
2 0.446875 0.58984375 0.0328125 0.071875
2 0.2109375 0.40390625 0.0296875 0.0671875
2 0.3171875 0.36953125 0.025 0.05625
3 0.525 0.425 0.0328125 0.0546875
2 0.8265625 0.6140625 0.0375 0.075
2 0.60390625 0.59375 0.040625 0.0734375
2 0.90390625 0.58984375 0.0375 0.071875
2 0.2359375 0.496875 0.0359375 0.06875
3 0.35 0.26328125 0.0171875 0.0421875