2 0.4578125 0.4671875 0.015625 0.0328125
2 0.43125 0.5 0.01875 0.040625
2 0.63125 0.484375 0.015625 0.0390625
2 0.73984375 0.45078125 0.015625 0.040625
1 0.16484375 0.57265625 0.015625 0.0453125
2 0.16015625 0.6296875 0.0171875 0.0390625
2 0.65234375 0.53046875 0.0171875 0.0453125
2 0.4703125 0.52890625 0.015625 0.0421875
2 0.30703125 0.50234375 0.0125 0.0359375
2 0.778125 0.53125 0.0203125 0.0484375
2 0.39609375 0.5765625 0.0203125 0.0453125
3 0.51640625 0.49296875 0.015625 0.0390625
2 0.696875 0.509375 0.0140625 0.04375
2 0.32109375 0.72734375 0.01875 0.05625
2 0.35 0.64140625 0.0171875 0.0515625
2 0.75234375 0.6203125 0.0203125 0.0578125
2 0.62265625 0.68984375 0.0234375 0.0609375
2 0.87265625 0.54921875 0.021875 0.05625
3 0.90546875 0.71328125 0.0296875 0.071875
0 0.17734375 0.6484375 0.009375 0.0140625
3 0.3578125 0.415625 0.0109375 0.025
2 0.46640625 0.428125 0.015625 0.0328125
2 0.52265625 0.440625 0.015625 0.0359375
2 0.68359375 0.409375 0.0140625 0.034375
2 0.68046875 0.41640625 0.0125 0.0328125