3 0.21328125 0.265625 0.0140625 0.040625
2 0.51015625 0.340625 0.01875 0.053125
2 0.590625 0.2734375 0.015625 0.0375
2 0.60234375 0.2796875 0.01875 0.0453125
2 0.57578125 0.26484375 0.01875 0.0421875
2 0.51328125 0.3671875 0.01875 0.05625
2 0.675 0.26953125 0.0140625 0.046875
3 0.4640625 0.3125 0.01875 0.05
2 0.45703125 0.26875 0.0140625 0.0421875
2 0.61796875 0.32265625 0.0171875 0.0546875
2 0.2296875 0.3203125 0.0140625 0.046875
2 0.50390625 0.40859375 0.01875 0.0625
2 0.325 0.40390625 0.025 0.05625
2 0.5484375 0.41015625 0.0203125 0.0625
2 0.15546875 0.38671875 0.0171875 0.0578125
2 0.72890625 0.31875 0.0171875 0.0546875
2 0.33046875 0.4921875 0.0234375 0.075
2 0.684375 0.36796875 0.0234375 0.0640625
2 0.8046875 0.49921875 0.025 0.0765625
2 0.69921875 0.5296875 0.028125 0.0828125
2 0.79921875 0.3640625 0.021875 0.065625
2 0.5375 0.51484375 0.028125 0.071875
0 0.165625 0.4015625 0.00625 0.0109375