3 0.1109375 0.23203125 0.0234375 0.05625
2 0.35703125 0.19140625 0.025 0.0484375
2 0.47890625 0.184375 0.0234375 0.0453125
2 0.54140625 0.15703125 0.01875 0.05
2 0.6203125 0.1515625 0.0203125 0.053125
2 0.46796875 0.20390625 0.028125 0.053125
2 0.21015625 0.24140625 0.0203125 0.05625
2 0.40234375 0.20703125 0.028125 0.065625
2 0.3890625 0.2125 0.0234375 0.059375
2 0.5921875 0.16640625 0.021875 0.046875
2 0.1421875 0.25859375 0.0234375 0.0578125
2 0.5625 0.14375 0.021875 0.0453125
2 0.09609375 0.33984375 0.0265625 0.0703125
2 0.63828125 0.16484375 0.028125 0.0484375
2 0.24296875 0.30703125 0.028125 0.06875
2 0.7203125 0.19609375 0.0265625 0.06875
3 0.50546875 0.2375 0.028125 0.065625
2 0.57734375 0.2109375 0.025 0.065625
2 0.24296875 0.4171875 0.03125 0.0859375
2 0.7234375 0.2796875 0.028125 0.0765625
2 0.421875 0.33359375 0.03125 0.0796875
2 0.8125 0.26015625 0.028125 0.075