2 0.3984375 0.21953125 0.01875 0.040625
3 0.2265625 0.26015625 0.0234375 0.0484375
2 0.22890625 0.30390625 0.021875 0.05
2 0.18125 0.446875 0.0296875 0.06875
2 0.634375 0.2203125 0.028125 0.053125
2 0.48515625 0.253125 0.025 0.05
2 0.5265625 0.27265625 0.028125 0.053125
3 0.34140625 0.415625 0.03125 0.0734375
2 0.56796875 0.478125 0.0359375 0.0828125
2 0.328125 0.3203125 0.0234375 0.0546875
2 0.190625 0.38203125 0.028125 0.059375
2 0.56953125 0.28359375 0.0265625 0.0609375
2 0.29453125 0.3 0.028125 0.0515625
2 0.2125 0.38125 0.0296875 0.059375
2 0.7890625 0.2953125 0.0328125 0.0671875
2 0.50703125 0.4359375 0.0421875 0.0796875
2 0.36015625 0.375 0.03125 0.0546875
2 0.37421875 0.446875 0.0328125 0.0734375
2 0.8890625 0.4421875 0.04375 0.0953125
2 0.140625 0.56796875 0.040625 0.0828125
2 0.20859375 0.6671875 0.04375 0.096875
2 0.478125 0.734375 0.0609375 0.1125
0 0.68828125 0.2703125 0.0109375 0.0140625