2 0.64765625 0.209375 0.0265625 0.0609375
3 0.26953125 0.1015625 0.0203125 0.0625
2 0.63984375 0.22421875 0.0328125 0.0734375
2 0.59375 0.171875 0.0265625 0.0578125
2 0.4265625 0.184375 0.025 0.0703125
2 0.365625 0.17265625 0.0203125 0.0671875
2 0.48125 0.18671875 0.01875 0.0671875
2 0.31953125 0.22109375 0.021875 0.071875
2 0.54765625 0.18203125 0.01875 0.0609375
2 0.57578125 0.1984375 0.0234375 0.0625
2 0.303125 0.1640625 0.0203125 0.071875
2 0.70859375 0.19609375 0.028125 0.0671875
2 0.8109375 0.23671875 0.0203125 0.0703125
2 0.321875 0.2828125 0.028125 0.0859375
3 0.48203125 0.26171875 0.0265625 0.08125
2 0.509375 0.225 0.0203125 0.075
2 0.265625 0.21484375 0.0265625 0.0765625
2 0.8296875 0.28671875 0.03125 0.078125
2 0.68671875 0.23125 0.034375 0.065625
2 0.784375 0.3546875 0.0265625 0.0859375
2 0.725 0.30703125 0.0390625 0.08125
2 0.4296875 0.1484375 0.028125 0.0640625
0 0.60390625 0.146875 0.00625 0.009375