2 0.55625 0.25546875 0.0171875 0.05
2 0.465625 0.234375 0.0140625 0.046875
2 0.5015625 0.25234375 0.01875 0.05
2 0.5453125 0.26640625 0.028125 0.053125
2 0.5765625 0.24375 0.01875 0.046875
2 0.625 0.26015625 0.015625 0.0515625
2 0.3578125 0.2359375 0.015625 0.0546875
2 0.47890625 0.25 0.015625 0.0421875
2 0.371875 0.2375 0.0171875 0.053125
2 0.16875 0.23203125 0.015625 0.053125
1 0.88359375 0.31484375 0.021875 0.0625
2 0.60546875 0.30859375 0.0203125 0.05625
2 0.67734375 0.29609375 0.01875 0.05625
2 0.1125 0.22421875 0.0203125 0.0578125
2 0.746875 0.34453125 0.021875 0.0578125
3 0.3859375 0.26015625 0.021875 0.05625
2 0.140625 0.30078125 0.028125 0.0671875
2 0.46484375 0.28046875 0.0234375 0.0609375
2 0.17265625 0.3046875 0.021875 0.0671875
2 0.5 0.38515625 0.034375 0.0671875
0 0.50859375 0.2703125 0.00625 0.0109375
2 0.5046875 0.20859375 0.015625 0.0375
2 0.50625 0.23828125 0.0203125 0.0484375