2 0.265625 0.284375 0.0140625 0.0390625
2 0.17734375 0.32265625 0.0140625 0.0453125
2 0.29921875 0.2984375 0.0140625 0.040625
2 0.1921875 0.3484375 0.015625 0.0484375
1 0.946875 0.2953125 0.0171875 0.05
0 0.83671875 0.5234375 0.0078125 0.0109375
2 0.4203125 0.284375 0.0140625 0.0421875
2 0.59765625 0.28984375 0.0125 0.0453125
2 0.4578125 0.27109375 0.0125 0.04375
2 0.14765625 0.4109375 0.0171875 0.0578125
2 0.13671875 0.6484375 0.0375 0.078125
2 0.56328125 0.27421875 0.0140625 0.046875
2 0.13203125 0.39375 0.0171875 0.0578125
2 0.2359375 0.44765625 0.025 0.0640625
3 0.2765625 0.39765625 0.01875 0.0609375
2 0.31640625 0.540625 0.0234375 0.0765625
2 0.41796875 0.3984375 0.021875 0.05625
2 0.43203125 0.49296875 0.0234375 0.0625
2 0.59609375 0.42578125 0.0203125 0.065625
2 0.3078125 0.80390625 0.0390625 0.1046875
2 0.5078125 0.43359375 0.025 0.065625
2 0.6828125 0.47265625 0.021875 0.06875
2 0.896875 0.48203125 0.028125 0.078125