2 0.67109375 0.2625 0.015625 0.0390625
2 0.79375 0.3546875 0.021875 0.053125
2 0.72890625 0.309375 0.01875 0.046875
2 0.628125 0.24921875 0.01875 0.0375
2 0.74921875 0.32421875 0.021875 0.0453125
2 0.80390625 0.36640625 0.01875 0.046875
2 0.59296875 0.2828125 0.01875 0.046875
2 0.73125 0.33671875 0.01875 0.05
3 0.56953125 0.26875 0.01875 0.0484375
2 0.68203125 0.32265625 0.01875 0.05
2 0.7796875 0.3859375 0.0234375 0.0546875
2 0.41171875 0.21640625 0.015625 0.0390625
2 0.18984375 0.24296875 0.0203125 0.0546875
2 0.81953125 0.3984375 0.0203125 0.0515625
2 0.44609375 0.30234375 0.0203125 0.0546875
2 0.73203125 0.42421875 0.025 0.059375
2 0.22265625 0.25078125 0.021875 0.05625
2 0.53359375 0.3265625 0.0265625 0.0546875
2 0.1921875 0.31796875 0.0296875 0.0671875
1 0.8609375 0.36484375 0.0203125 0.04375
2 0.67578125 0.2578125 0.015625 0.0390625
3 0.09375 0.153125 0.0234375 0.0578125