2 0.165625 0.2859375 0.0171875 0.0484375
0 0.82265625 0.53125 0.009375 0.0125
2 0.1375 0.34765625 0.0203125 0.0546875
2 0.55625 0.71953125 0.046875 0.109375
2 0.2703125 0.35625 0.0171875 0.0609375
2 0.565625 0.25234375 0.015625 0.05
2 0.45078125 0.37265625 0.021875 0.059375
2 0.43125 0.38203125 0.028125 0.0640625
2 0.66875 0.3359375 0.0265625 0.065625
2 0.48203125 0.30546875 0.01875 0.053125
2 0.7765625 0.3890625 0.021875 0.071875
3 0.246875 0.45625 0.021875 0.0796875
2 0.515625 0.47578125 0.025 0.0796875
2 0.11875 0.4859375 0.021875 0.0796875
2 0.2671875 0.425 0.028125 0.0703125
2 0.175 0.6921875 0.03125 0.1015625
2 0.41953125 0.4890625 0.028125 0.0828125
2 0.04140625 0.64296875 0.0328125 0.0984375
2 0.59765625 0.73671875 0.0453125 0.1125
2 0.86015625 0.50078125 0.025 0.0875
2 0.071875 0.490625 0.0359375 0.0859375
2 0.3921875 0.60625 0.0390625 0.0921875
3 0.10625 0.259375 0.015625 0.046875