2 0.3359375 0.36796875 0.01875 0.0421875
2 0.38203125 0.27734375 0.0140625 0.0390625
2 0.64453125 0.346875 0.0203125 0.0484375
2 0.1765625 0.5171875 0.0203125 0.040625
2 0.34140625 0.39609375 0.01875 0.0578125
2 0.29921875 0.32734375 0.015625 0.0421875
2 0.50546875 0.31328125 0.01875 0.0421875
2 0.184375 0.559375 0.0265625 0.075
2 0.44765625 0.34765625 0.0171875 0.046875
2 0.690625 0.25859375 0.0171875 0.046875
2 0.4546875 0.4515625 0.0234375 0.065625
2 0.640625 0.36328125 0.0203125 0.05625
2 0.8265625 0.3359375 0.01875 0.0609375
2 0.23359375 0.43515625 0.025 0.0625
2 0.20703125 0.4234375 0.021875 0.0609375
2 0.5609375 0.7125 0.0328125 0.0984375
2 0.2015625 0.4796875 0.028125 0.0671875
2 0.57265625 0.446875 0.0234375 0.0734375
3 0.36875 0.47109375 0.0234375 0.0703125
2 0.4890625 0.47890625 0.028125 0.0703125
2 0.88125 0.51484375 0.0328125 0.0890625
3 0.25625 0.2828125 0.0171875 0.0421875
0 0.65234375 0.36171875 0.009375 0.0140625