2 0.49921875 0.24921875 0.0171875 0.05
2 0.40703125 0.24921875 0.0140625 0.046875
2 0.4453125 0.25859375 0.0171875 0.05
2 0.49140625 0.26171875 0.0265625 0.053125
2 0.51640625 0.23359375 0.01875 0.046875
2 0.5671875 0.23828125 0.0140625 0.0515625
2 0.3015625 0.275 0.015625 0.0546875
2 0.4234375 0.26171875 0.0140625 0.0421875
2 0.315625 0.2734375 0.015625 0.053125
2 0.11640625 0.31328125 0.0140625 0.053125
1 0.83203125 0.23359375 0.021875 0.0625
2 0.559375 0.28984375 0.0203125 0.05625
2 0.6265625 0.2609375 0.01875 0.05625
2 0.0609375 0.31875 0.01875 0.0578125
2 0.70546875 0.29296875 0.021875 0.0578125
3 0.33515625 0.2921875 0.021875 0.05625
2 0.1046875 0.38671875 0.028125 0.0671875
2 0.41640625 0.29453125 0.021875 0.059375
2 0.1375 0.38359375 0.0203125 0.0671875
2 0.47421875 0.38828125 0.034375 0.0671875
0 0.45703125 0.27421875 0.00625 0.0109375
2 0.43828125 0.21484375 0.0140625 0.0375
2 0.446875 0.24375 0.01875 0.0484375