2 0.6875 0.22890625 0.0140625 0.0453125
2 0.68125 0.2328125 0.015625 0.0453125
2 0.54453125 0.19609375 0.015625 0.034375
2 0.71796875 0.2515625 0.015625 0.0484375
2 0.57421875 0.20703125 0.021875 0.0375
2 0.7515625 0.26328125 0.015625 0.046875
2 0.62734375 0.25625 0.015625 0.0515625
3 0.47890625 0.23671875 0.0140625 0.0421875
2 0.5390625 0.23359375 0.015625 0.0421875
2 0.71796875 0.290625 0.015625 0.0546875
2 0.38046875 0.23984375 0.0140625 0.040625
2 0.73515625 0.2890625 0.0171875 0.0515625
2 0.6515625 0.325 0.0234375 0.05625
2 0.1140625 0.346875 0.01875 0.0546875
2 0.15 0.41484375 0.0265625 0.0671875
2 0.45 0.3125 0.0234375 0.0515625
2 0.37421875 0.31484375 0.021875 0.053125
2 0.13125 0.34375 0.01875 0.05625
0 0.5671875 0.2234375 0.00625 0.0109375
2 0.53515625 0.1984375 0.01875 0.0390625
1 0.77578125 0.24609375 0.0203125 0.04375
2 0.625 0.23671875 0.0203125 0.04375