2 0.40234375 0.25546875 0.021875 0.0375
1 0.95703125 0.41328125 0.0203125 0.05
2 0.3765625 0.234375 0.01875 0.0359375
2 0.75546875 0.30078125 0.01875 0.040625
2 0.27578125 0.26015625 0.0203125 0.046875
2 0.4046875 0.29296875 0.0234375 0.0515625
2 0.6875 0.35625 0.021875 0.046875
2 0.27734375 0.2890625 0.0234375 0.0515625
2 0.66171875 0.3515625 0.021875 0.040625
2 0.66171875 0.30859375 0.01875 0.0453125
2 0.84609375 0.38984375 0.0203125 0.05
2 0.78125 0.41171875 0.025 0.053125
2 0.6703125 0.46796875 0.025 0.0578125
2 0.22578125 0.325 0.0265625 0.0578125
2 0.57890625 0.3890625 0.0234375 0.0546875
2 0.5640625 0.38671875 0.025 0.0578125
3 0.43359375 0.3453125 0.025 0.0578125
2 0.234375 0.46875 0.0359375 0.078125
2 0.8890625 0.5796875 0.0328125 0.078125
2 0.5625 0.69921875 0.040625 0.1
2 0.2078125 0.41171875 0.0390625 0.071875
3 0.2578125 0.18359375 0.0203125 0.04375
2 0.41953125 0.221875 0.0203125 0.0390625
0 0.69453125 0.38359375 0.0078125 0.0109375