2 0.32109375 0.30625 0.01875 0.0375
1 0.8953125 0.2546875 0.0171875 0.05
2 0.28984375 0.29609375 0.015625 0.0359375
2 0.6671875 0.22265625 0.015625 0.040625
2 0.2046875 0.35625 0.0171875 0.046875
2 0.33671875 0.340625 0.0203125 0.05
2 0.62421875 0.2984375 0.0171875 0.046875
2 0.2171875 0.3828125 0.01875 0.0515625
2 0.59765625 0.303125 0.01875 0.040625
2 0.5828125 0.26328125 0.015625 0.0453125
2 0.78359375 0.2734375 0.015625 0.05
2 0.73046875 0.3171875 0.0203125 0.0515625
2 0.64765625 0.409375 0.0203125 0.0578125
2 0.18125 0.43515625 0.021875 0.05625
2 0.53359375 0.36796875 0.01875 0.0546875
2 0.51875 0.37109375 0.0203125 0.0578125
3 0.3828125 0.37890625 0.0203125 0.0578125
2 0.240625 0.565625 0.0296875 0.078125
2 0.89140625 0.434375 0.0265625 0.0765625
2 0.6296875 0.6640625 0.0328125 0.1
2 0.1953125 0.52265625 0.0328125 0.071875
3 0.1609375 0.29140625 0.0171875 0.04375
2 0.32578125 0.26875 0.0171875 0.0390625
0 0.63984375 0.321875 0.00625 0.0109375