2 0.76015625 0.2203125 0.0265625 0.05625
2 0.7484375 0.24296875 0.025 0.0640625
2 0.73671875 0.23046875 0.028125 0.0671875
2 0.78203125 0.26875 0.0296875 0.0578125
2 0.7734375 0.31953125 0.0359375 0.084375
2 0.5109375 0.14609375 0.0203125 0.0609375
2 0.840625 0.28125 0.0234375 0.075
2 0.259375 0.14765625 0.025 0.071875
2 0.36015625 0.16875 0.0265625 0.0671875
2 0.62890625 0.22109375 0.03125 0.059375
2 0.340625 0.22578125 0.028125 0.071875
2 0.4703125 0.18984375 0.028125 0.071875
2 0.8546875 0.3203125 0.0265625 0.075
2 0.56171875 0.2359375 0.034375 0.0609375
2 0.6640625 0.24609375 0.03125 0.0734375
3 0.50546875 0.26171875 0.0328125 0.08125
2 0.53125 0.228125 0.0265625 0.0703125
2 0.25625 0.20625 0.0265625 0.0796875
2 0.4203125 0.33203125 0.0375 0.078125
2 0.90703125 0.38359375 0.03125 0.08125
3 0.2515625 0.08125 0.0265625 0.06875
2 0.7421875 0.21328125 0.03125 0.065625