0 0.6140625 0.359375 0.0078125 0.0109375
2 0.3921875 0.2734375 0.015625 0.0390625
2 0.33203125 0.26796875 0.01875 0.0390625
2 0.4375 0.26171875 0.0171875 0.046875
2 0.17890625 0.3265625 0.01875 0.0453125
2 0.5828125 0.24296875 0.0171875 0.04375
2 0.42265625 0.271875 0.01875 0.04375
3 0.3046875 0.35703125 0.0203125 0.05
1 0.90390625 0.23046875 0.0234375 0.053125
2 0.5640625 0.24453125 0.025 0.0484375
2 0.5734375 0.328125 0.021875 0.0515625
2 0.3375 0.38515625 0.0265625 0.05625
2 0.2484375 0.33125 0.021875 0.05
2 0.12421875 0.4015625 0.0234375 0.05625
2 0.1375 0.39921875 0.0234375 0.0546875
2 0.86171875 0.36015625 0.03125 0.0734375
2 0.4234375 0.4296875 0.021875 0.0578125
2 0.5828125 0.4125 0.034375 0.0671875
2 0.6171875 0.33046875 0.0234375 0.0609375
2 0.196875 0.56328125 0.03125 0.078125
2 0.38203125 0.7640625 0.05 0.10625
2 0.3890625 0.3609375 0.021875 0.0515625
2 0.33046875 0.54921875 0.0359375 0.08125
3 0.10859375 0.31796875 0.021875 0.0453125