2 0.24765625 0.19296875 0.0234375 0.0484375
0 0.796875 0.6296875 0.0109375 0.0125
2 0.20234375 0.24296875 0.028125 0.0546875
2 0.48515625 0.72578125 0.0609375 0.1125
2 0.32578125 0.2921875 0.025 0.0609375
2 0.6390625 0.284375 0.021875 0.05
2 0.4921875 0.36328125 0.0296875 0.0609375
2 0.4703125 0.36640625 0.0375 0.065625
2 0.7109375 0.39609375 0.034375 0.0671875
2 0.54296875 0.309375 0.0265625 0.053125
2 0.79765625 0.4796875 0.03125 0.071875
3 0.27265625 0.38046875 0.0328125 0.0796875
2 0.52265625 0.48203125 0.0359375 0.08125
2 0.14140625 0.36875 0.0328125 0.0796875
2 0.30234375 0.35625 0.0375 0.071875
2 0.13125 0.5828125 0.0453125 0.103125
2 0.42734375 0.46484375 0.0390625 0.084375
2 0.02109375 0.49375 0.0421875 0.1
2 0.51953125 0.75546875 0.059375 0.115625
2 0.8421875 0.61171875 0.0359375 0.0875
2 0.0953125 0.35859375 0.046875 0.0875
2 0.36484375 0.5671875 0.0515625 0.09375
3 0.2 0.14921875 0.021875 0.0484375