2 0.35859375 0.26484375 0.0140625 0.03125
2 0.2984375 0.409375 0.0203125 0.046875
2 0.5828125 0.253125 0.0140625 0.03125
2 0.328125 0.321875 0.0171875 0.0359375
2 0.49921875 0.4828125 0.0234375 0.0578125
2 0.34765625 0.4359375 0.021875 0.04375
2 0.46953125 0.33984375 0.0203125 0.0375
2 0.3015625 0.44453125 0.021875 0.0515625
2 0.31015625 0.4359375 0.0234375 0.0484375
1 0.08671875 0.48359375 0.0265625 0.05
2 0.43671875 0.38828125 0.025 0.05
2 0.4109375 0.434375 0.0234375 0.0484375
2 0.65 0.3859375 0.0203125 0.04375
3 0.36171875 0.5 0.021875 0.0546875
2 0.42890625 0.49921875 0.0203125 0.0484375
2 0.70859375 0.40078125 0.028125 0.053125
2 0.271875 0.509375 0.025 0.0515625
2 0.31796875 0.68359375 0.03125 0.0625
2 0.6671875 0.515625 0.0296875 0.0640625
2 0.77109375 0.52890625 0.03125 0.0703125
2 0.44140625 0.87578125 0.0390625 0.078125
0 0.6984375 0.4203125 0.009375 0.0125
2 0.48828125 0.4515625 0.0234375 0.046875
3 0.34609375 0.25859375 0.015625 0.0296875