2 0.23671875 0.67421875 0.021875 0.046875
2 0.31171875 0.51015625 0.025 0.0453125
2 0.3203125 0.4546875 0.01875 0.040625
2 0.290625 0.52578125 0.0203125 0.0453125
2 0.4328125 0.46015625 0.01875 0.04375
0 0.46328125 0.690625 0.009375 0.0125
2 0.75703125 0.38984375 0.0265625 0.0578125
2 0.46875 0.421875 0.021875 0.0453125
2 0.24140625 0.7125 0.03125 0.0609375
2 0.221875 0.575 0.0234375 0.0484375
2 0.70546875 0.53828125 0.0234375 0.0578125
2 0.56796875 0.4796875 0.0265625 0.05625
3 0.890625 0.83828125 0.0453125 0.08125
3 0.4171875 0.51484375 0.021875 0.05
2 0.26484375 0.715625 0.03125 0.0625
2 0.8234375 0.64375 0.034375 0.06875
2 0.40703125 0.65 0.0296875 0.05625
2 0.56328125 0.3203125 0.01875 0.0390625
2 0.43125 0.66875 0.0375 0.065625
2 0.22265625 0.66875 0.025 0.0484375
1 0.221875 0.41328125 0.0203125 0.0390625
2 0.4109375 0.3625 0.0171875 0.0375
2 0.3203125 0.4421875 0.01875 0.0375
3 0.4296875 0.25703125 0.0140625 0.0265625