2 0.3109375 0.465625 0.0171875 0.0421875
2 0.42265625 0.33671875 0.0109375 0.0296875
3 0.98671875 0.85234375 0.0265625 0.0796875
2 0.325 0.7125 0.0265625 0.0609375
2 0.3125 0.71640625 0.0390625 0.0578125
1 0.2109375 0.40234375 0.0203125 0.0359375
2 0.31875 0.4375 0.0140625 0.0390625
2 0.25859375 0.559375 0.0203125 0.0453125
2 0.34609375 0.47421875 0.01875 0.046875
2 0.55390625 0.28359375 0.015625 0.0328125
2 0.43984375 0.41640625 0.0203125 0.0453125
2 0.34609375 0.40859375 0.01875 0.0421875
2 0.725 0.325 0.0140625 0.0375
2 0.43515625 0.33984375 0.0140625 0.0359375
2 0.565625 0.44140625 0.0171875 0.0421875
3 0.43203125 0.4828125 0.01875 0.046875
2 0.203125 0.678125 0.03125 0.053125
2 0.4234375 0.5984375 0.025 0.0625
2 0.7609375 0.48359375 0.01875 0.0484375
2 0.35 0.5640625 0.021875 0.0578125
2 0.57890625 0.43203125 0.0171875 0.05
2 0.190625 0.73984375 0.0328125 0.05625
2 0.89453125 0.528125 0.0234375 0.0609375
3 0.4484375 0.24453125 0.0125 0.0328125