3 0.440625 0.20703125 0.0125 0.0328125
2 0.65625 0.25625 0.009375 0.0328125
0 0.89296875 0.47890625 0.0078125 0.0109375
2 0.403125 0.27734375 0.015625 0.0375
2 0.35703125 0.3578125 0.0125 0.0453125
2 0.4953125 0.35390625 0.0140625 0.0453125
2 0.51015625 0.3796875 0.0140625 0.0515625
2 0.38125 0.33984375 0.0109375 0.040625
1 0.12578125 0.38671875 0.0171875 0.0515625
2 0.4375 0.50625 0.01875 0.059375
2 0.553125 0.46328125 0.0171875 0.0640625
2 0.7125 0.396875 0.015625 0.05
2 0.3984375 0.396875 0.0171875 0.046875
3 0.38359375 0.48515625 0.0203125 0.0546875
2 0.36796875 0.39765625 0.015625 0.0515625
2 0.7203125 0.5921875 0.0171875 0.06875
2 0.44140625 0.8625 0.0234375 0.078125
2 0.29375 0.49453125 0.01875 0.0609375
2 0.521875 0.50234375 0.01875 0.0609375
2 0.30546875 0.69765625 0.0296875 0.08125
2 0.37421875 0.52734375 0.0234375 0.0625
2 0.915625 0.43203125 0.028125 0.0578125
2 0.784375 0.59609375 0.021875 0.0734375
2 0.428125 0.21875 0.0125 0.0328125