2 0.5921875 0.35234375 0.009375 0.0359375
2 0.515625 0.3265625 0.009375 0.03125
2 0.38515625 0.34609375 0.009375 0.025
2 0.62421875 0.3828125 0.0125 0.0390625
1 0.8015625 0.3546875 0.009375 0.0375
2 0.4703125 0.3328125 0.009375 0.0296875
2 0.53671875 0.33515625 0.009375 0.0328125
2 0.57421875 0.3578125 0.009375 0.0328125
2 0.415625 0.4109375 0.0109375 0.0359375
2 0.53359375 0.4 0.0125 0.0421875
3 0.49375 0.36015625 0.009375 0.034375
2 0.37578125 0.34609375 0.009375 0.03125
2 0.17578125 0.44453125 0.0109375 0.0359375
2 0.528125 0.428125 0.0125 0.040625
2 0.63671875 0.3953125 0.0125 0.040625
2 0.625 0.4703125 0.0140625 0.04375
2 0.6734375 0.43203125 0.0125 0.046875
2 0.2828125 0.46796875 0.0109375 0.0453125
2 0.6984375 0.4265625 0.0140625 0.040625
2 0.60625 0.60859375 0.0140625 0.0546875
2 0.1703125 0.4921875 0.0140625 0.0453125
2 0.14375 0.5359375 0.0140625 0.04375
3 0.178125 0.3609375 0.009375 0.0296875