2 0.49609375 0.21953125 0.0078125 0.0328125
2 0.39765625 0.32734375 0.0078125 0.0390625
2 0.7046875 0.28828125 0.009375 0.034375
0 0.66796875 0.59140625 0.0078125 0.0109375
2 0.4421875 0.26640625 0.0109375 0.034375
1 0.18046875 0.3328125 0.0125 0.0453125
2 0.38359375 0.340625 0.009375 0.0421875
2 0.5359375 0.36953125 0.009375 0.046875
2 0.84375 0.44375 0.0140625 0.0515625
2 0.3953125 0.371875 0.0140625 0.0453125
2 0.4734375 0.36796875 0.009375 0.040625
2 0.5265625 0.3546875 0.0109375 0.0484375
2 0.378125 0.44453125 0.0140625 0.05
2 0.33203125 0.43828125 0.0125 0.0515625
2 0.59375 0.48125 0.0171875 0.059375
2 0.6625 0.409375 0.0140625 0.05
3 0.9015625 0.98125 0.01875 0.0375
3 0.4125 0.44375 0.0125 0.05
2 0.5703125 0.578125 0.01875 0.05625
2 0.25234375 0.62578125 0.0171875 0.0671875
2 0.71171875 0.6609375 0.01875 0.071875
2 0.3265625 0.81796875 0.025 0.075
2 0.63828125 0.50625 0.0265625 0.0546875
2 0.36484375 0.51171875 0.0125 0.0546875