2 0.59296875 0.2609375 0.0109375 0.0265625
2 0.89453125 0.4 0.0171875 0.0484375
2 0.48828125 0.3015625 0.0140625 0.0328125
2 0.40078125 0.51484375 0.0203125 0.05
1 0.23046875 0.4078125 0.0171875 0.0453125
2 0.6171875 0.340625 0.0203125 0.040625
2 0.8421875 0.2609375 0.0109375 0.0296875
2 0.31171875 0.528125 0.0265625 0.053125
2 0.4453125 0.3609375 0.015625 0.0390625
2 0.28359375 0.578125 0.0265625 0.053125
2 0.43515625 0.66796875 0.0328125 0.065625
2 0.40234375 0.38828125 0.01875 0.0421875
2 0.440625 0.54609375 0.028125 0.059375
2 0.58125 0.34453125 0.01875 0.0421875
2 0.28671875 0.68671875 0.025 0.0671875
2 0.2765625 0.7640625 0.03125 0.065625
2 0.80390625 0.56484375 0.0203125 0.0578125
2 0.35546875 0.50546875 0.028125 0.05625
2 0.72734375 0.4828125 0.0203125 0.053125
3 0.4703125 0.484375 0.0234375 0.0515625
2 0.4515625 0.6390625 0.0328125 0.0578125
2 0.309375 0.5125 0.0171875 0.046875
0 0.4359375 0.6875 0.009375 0.015625
3 0.51328125 0.2359375 0.0109375 0.0265625