2 0.29375 0.4328125 0.015625 0.0375
2 0.5 0.28671875 0.0140625 0.03125
2 0.30078125 0.43828125 0.0140625 0.0421875
2 0.309375 0.38671875 0.015625 0.0328125
2 0.41171875 0.32265625 0.0125 0.0296875
2 0.51015625 0.32265625 0.0109375 0.0296875
2 0.62734375 0.32734375 0.0140625 0.0296875
2 0.67109375 0.2890625 0.0171875 0.0359375
2 0.46015625 0.3484375 0.0125 0.0359375
1 0.0984375 0.48359375 0.021875 0.0453125
2 0.42265625 0.30546875 0.0125 0.03125
2 0.26328125 0.46015625 0.015625 0.040625
2 0.50546875 0.3421875 0.015625 0.0375
2 0.42421875 0.40078125 0.0171875 0.040625
2 0.25078125 0.49375 0.0140625 0.040625
2 0.68828125 0.54765625 0.0234375 0.059375
3 0.38359375 0.46640625 0.0171875 0.046875
2 0.66484375 0.41796875 0.021875 0.046875
2 0.82890625 0.3328125 0.0171875 0.0453125
2 0.41328125 0.45390625 0.01875 0.0453125
2 0.3375 0.58125 0.01875 0.05
2 0.40078125 0.6484375 0.0265625 0.0625
3 0.353125 0.30703125 0.0109375 0.028125
0 0.74140625 0.32890625 0.0078125 0.0109375