2 0.446875 0.22421875 0.0109375 0.0328125
2 0.36875 0.34765625 0.0109375 0.0390625
2 0.66484375 0.25625 0.0140625 0.0359375
0 0.68125 0.56015625 0.0078125 0.0125
2 0.403125 0.28046875 0.0140625 0.034375
1 0.15625 0.390625 0.015625 0.046875
2 0.3578125 0.36328125 0.0140625 0.0421875
2 0.5125 0.365625 0.0140625 0.046875
2 0.82890625 0.38515625 0.01875 0.053125
2 0.37421875 0.3921875 0.0171875 0.046875
2 0.45078125 0.37421875 0.0140625 0.040625
2 0.50078125 0.35234375 0.015625 0.05
2 0.3703125 0.46640625 0.01875 0.05
2 0.3234375 0.46875 0.0171875 0.0515625
2 0.5890625 0.465625 0.0234375 0.0609375
2 0.64453125 0.3828125 0.01875 0.0515625
3 0.98046875 0.9109375 0.0234375 0.0515625
3 0.4046875 0.46015625 0.0171875 0.0515625
2 0.5828125 0.56484375 0.0234375 0.0578125
2 0.278125 0.6671875 0.025 0.0671875
2 0.73671875 0.62109375 0.0265625 0.0734375
2 0.384375 0.84375 0.03125 0.0765625
2 0.6375 0.48203125 0.03125 0.05625
2 0.36953125 0.53515625 0.01875 0.05625