3 0.20859375 0.20625 0.009375 0.0421875
2 0.6078125 0.23125 0.0125 0.046875
2 0.3015625 0.225 0.015625 0.0375
2 0.38125 0.26484375 0.009375 0.05
2 0.3578125 0.2953125 0.0109375 0.05
2 0.17109375 0.29609375 0.0125 0.05625
2 0.48828125 0.26875 0.0109375 0.0515625
2 0.52265625 0.29609375 0.0140625 0.05625
2 0.16015625 0.353125 0.0140625 0.0625
2 0.26484375 0.321875 0.0125 0.0578125
2 0.59140625 0.28671875 0.0125 0.0515625
2 0.14140625 0.3875 0.015625 0.06875
2 0.33984375 0.36484375 0.015625 0.059375
3 0.2625 0.3796875 0.0140625 0.0703125
2 0.8125 0.478125 0.0140625 0.078125
2 0.1125 0.43125 0.015625 0.0765625
2 0.55703125 0.36328125 0.015625 0.0640625
1 0.9 0.3125 0.015625 0.0578125
2 0.1953125 0.4421875 0.0125 0.06875
2 0.47578125 0.43359375 0.0171875 0.0703125
2 0.39609375 0.7078125 0.0203125 0.1
2 0.13515625 0.54921875 0.021875 0.084375
0 0.58984375 0.30625 0.00625 0.0125
2 0.375 0.20625 0.009375 0.04375