2 0.29765625 0.2828125 0.0203125 0.040625
2 0.15546875 0.365625 0.021875 0.0453125
2 0.1515625 0.4125 0.0234375 0.05625
2 0.21875 0.42734375 0.025 0.0546875
2 0.08515625 0.44296875 0.025 0.0578125
2 0.2078125 0.43984375 0.025 0.059375
2 0.640625 0.23984375 0.021875 0.0515625
2 0.096875 0.53671875 0.03125 0.0671875
2 0.409375 0.334375 0.0234375 0.0515625
1 0.8078125 0.26484375 0.0265625 0.05625
2 0.40625 0.4234375 0.03125 0.065625
2 0.4578125 0.40625 0.03125 0.065625
2 0.22265625 0.53125 0.03125 0.0703125
2 0.6109375 0.68046875 0.040625 0.09375
2 0.85546875 0.35625 0.0296875 0.0671875
3 0.2875 0.46875 0.0328125 0.0703125
2 0.40859375 0.528125 0.034375 0.075
2 0.1671875 0.6078125 0.034375 0.0796875
2 0.1078125 0.62265625 0.0375 0.08125
2 0.06328125 0.57890625 0.0328125 0.0765625
2 0.25 0.540625 0.0375 0.071875
2 0.25625 0.72578125 0.0484375 0.0984375
0 0.69609375 0.29765625 0.0078125 0.0140625
3 0.06953125 0.34375 0.0203125 0.0453125