2 0.321875 0.26328125 0.015625 0.040625
2 0.171875 0.33046875 0.0171875 0.0453125
2 0.1625 0.3765625 0.0171875 0.05625
2 0.228125 0.3984375 0.01875 0.0546875
2 0.09296875 0.4 0.0203125 0.0578125
2 0.215625 0.409375 0.0203125 0.059375
2 0.6671875 0.25546875 0.0171875 0.0515625
2 0.0953125 0.49453125 0.025 0.0671875
2 0.42734375 0.32578125 0.01875 0.0515625
1 0.83046875 0.2984375 0.021875 0.0546875
2 0.41484375 0.4140625 0.025 0.065625
2 0.46796875 0.40234375 0.025 0.065625
2 0.22109375 0.50234375 0.0234375 0.06875
2 0.59140625 0.69140625 0.0328125 0.09375
2 0.86875 0.39453125 0.0234375 0.0671875
3 0.2921875 0.44609375 0.025 0.0703125
2 0.40625 0.51875 0.0265625 0.075
2 0.1578125 0.57265625 0.0265625 0.0796875
2 0.096875 0.58125 0.0296875 0.08125
2 0.05703125 0.5328125 0.0265625 0.0765625
2 0.246875 0.5140625 0.0296875 0.0703125
2 0.23359375 0.69921875 0.0390625 0.096875
0 0.715625 0.31875 0.0078125 0.0125
3 0.08828125 0.3 0.015625 0.0453125