2 0.1734375 0.39765625 0.0109375 0.0453125
2 0.30546875 0.3140625 0.0078125 0.0328125
2 0.20859375 0.4234375 0.0109375 0.046875
1 0.83125 0.3546875 0.015625 0.04375
2 0.41796875 0.4140625 0.0109375 0.05
2 0.39296875 0.3546875 0.0078125 0.040625
3 0.35859375 0.4109375 0.0109375 0.0484375
2 0.27578125 0.49296875 0.0109375 0.0546875
2 0.234375 0.48046875 0.0171875 0.0546875
2 0.58671875 0.30859375 0.0078125 0.0375
2 0.0875 0.4671875 0.0140625 0.0515625
2 0.10546875 0.48359375 0.0140625 0.0578125
2 0.24765625 0.41875 0.0109375 0.0453125
2 0.46484375 0.42890625 0.0140625 0.046875
2 0.1328125 0.590625 0.015625 0.065625
2 0.1703125 0.66015625 0.015625 0.0765625
2 0.084375 0.55625 0.015625 0.0640625
2 0.43203125 0.50078125 0.015625 0.05625
2 0.38828125 0.7015625 0.0171875 0.0796875
3 0.0921875 0.31796875 0.0125 0.0390625
2 0.1046875 0.41015625 0.015625 0.053125
2 0.18828125 0.340625 0.0140625 0.04375
2 0.98671875 0.425 0.0140625 0.0546875
0 0.95546875 0.43984375 0.00625 0.009375