2 0.16015625 0.45625 0.0171875 0.046875
2 0.27578125 0.35078125 0.0125 0.0328125
2 0.2 0.47578125 0.01875 0.046875
1 0.80078125 0.29921875 0.0234375 0.0453125
2 0.4046875 0.4296875 0.01875 0.05
2 0.36953125 0.37578125 0.0140625 0.040625
3 0.3453125 0.43671875 0.01875 0.05
2 0.278125 0.53203125 0.0203125 0.05625
2 0.234375 0.5265625 0.0265625 0.05625
2 0.55234375 0.296875 0.0140625 0.0375
2 0.08828125 0.5390625 0.0234375 0.053125
2 0.10859375 0.55234375 0.0234375 0.0578125
2 0.2375 0.46328125 0.0171875 0.046875
2 0.453125 0.4359375 0.021875 0.0484375
2 0.15390625 0.653125 0.0265625 0.065625
2 0.203125 0.715625 0.0296875 0.0765625
2 0.10078125 0.628125 0.0265625 0.065625
2 0.4328125 0.5125 0.025 0.0578125
2 0.425 0.7171875 0.03125 0.08125
3 0.06640625 0.39140625 0.01875 0.0390625
2 0.0953125 0.4796875 0.025 0.0546875
2 0.165625 0.396875 0.021875 0.0453125
2 0.96640625 0.34140625 0.0234375 0.05625
0 0.9375 0.36171875 0.0078125 0.0109375