2 0.5359375 0.31171875 0.009375 0.034375
2 0.5984375 0.303125 0.009375 0.0296875
2 0.4578125 0.3046875 0.0140625 0.034375
2 0.51875 0.3171875 0.0109375 0.0328125
3 0.534375 0.35625 0.0140625 0.040625
2 0.49765625 0.36171875 0.0140625 0.040625
2 0.6859375 0.44375 0.0203125 0.0546875
2 0.4828125 0.3296875 0.015625 0.034375
2 0.73046875 0.33515625 0.0140625 0.0359375
2 0.346875 0.34921875 0.015625 0.0390625
2 0.2921875 0.3703125 0.0171875 0.0453125
2 0.59375 0.35859375 0.0109375 0.0390625
2 0.3 0.3359375 0.015625 0.0453125
1 0.0828125 0.34609375 0.0203125 0.0453125
2 0.30078125 0.4640625 0.0234375 0.05
2 0.38515625 0.4015625 0.0203125 0.05
2 0.4671875 0.378125 0.015625 0.0453125
2 0.78515625 0.43828125 0.01875 0.059375
3 0.97109375 0.84140625 0.0375 0.103125
2 0.7375 0.525 0.0265625 0.0515625
2 0.76875 0.6703125 0.0328125 0.090625
0 0.44296875 0.31640625 0.00625 0.0125
3 0.3890625 0.27578125 0.0125 0.0359375
2 0.496875 0.3046875 0.0171875 0.0359375
2 0.70390625 0.325 0.0125 0.040625