2 0.39375 0.375 0.0125 0.0328125
2 0.59296875 0.421875 0.0203125 0.0359375
2 0.2890625 0.4046875 0.015625 0.0453125
3 0.41875 0.43203125 0.0203125 0.04375
2 0.44375 0.3875 0.0140625 0.0328125
1 0.7640625 0.43828125 0.0140625 0.03125
2 0.60859375 0.4734375 0.0203125 0.0421875
2 0.65234375 0.55 0.028125 0.053125
2 0.23515625 0.40078125 0.0171875 0.046875
3 0.77265625 0.65390625 0.034375 0.0671875
2 0.553125 0.4640625 0.0203125 0.0453125
2 0.478125 0.5109375 0.0203125 0.053125
2 0.64609375 0.51640625 0.0234375 0.053125
2 0.3375 0.46953125 0.0234375 0.0546875
2 0.5015625 0.51875 0.0171875 0.046875
2 0.58828125 0.57734375 0.021875 0.05625
2 0.35546875 0.48359375 0.025 0.053125
2 0.51875 0.49921875 0.0203125 0.053125
2 0.28046875 0.590625 0.028125 0.0703125
2 0.14140625 0.5203125 0.0234375 0.0625
2 0.34375 0.60390625 0.0296875 0.071875
2 0.59140625 0.4578125 0.01875 0.0390625
2 0.61015625 0.43125 0.01875 0.0375
3 0.25625 0.2875 0.0140625 0.03125