2 0.534375 0.3015625 0.0140625 0.0328125
3 0.30546875 0.2703125 0.0125 0.0359375
2 0.4359375 0.3046875 0.0125 0.0296875
2 0.4078125 0.30703125 0.01875 0.034375
3 0.4921875 0.35625 0.0125 0.0421875
2 0.5890625 0.33046875 0.0125 0.0390625
2 0.415625 0.3265625 0.015625 0.040625
2 0.4484375 0.3671875 0.0171875 0.046875
2 0.6078125 0.33203125 0.0125 0.040625
2 0.3203125 0.33515625 0.0140625 0.0453125
2 0.53125 0.36875 0.0140625 0.04375
1 0.990625 0.4109375 0.0140625 0.05
2 0.203125 0.33515625 0.0140625 0.046875
2 0.2125 0.4046875 0.0203125 0.05625
2 0.65078125 0.46171875 0.0171875 0.0609375
2 0.440625 0.4 0.015625 0.0515625
2 0.421875 0.409375 0.01875 0.05625
2 0.690625 0.44140625 0.0171875 0.0609375
2 0.66953125 0.52265625 0.0234375 0.0625
2 0.26640625 0.5734375 0.0265625 0.08125
2 0.8125 0.721875 0.0296875 0.096875
2 0.415625 0.30703125 0.0140625 0.0359375
0 0.428125 0.2984375 0.0046875 0.0078125
2 0.50859375 0.296875 0.0140625 0.0359375
3 0.8484375 0.8 0.0390625 0.1109375