2 0.6296875 0.2828125 0.009375 0.0265625
2 0.47578125 0.29765625 0.0125 0.0390625
2 0.42109375 0.39453125 0.015625 0.05
2 0.35625 0.31171875 0.0109375 0.0328125
3 0.5359375 0.35234375 0.0109375 0.04375
2 0.44140625 0.3640625 0.0125 0.0453125
2 0.590625 0.31171875 0.0140625 0.04375
2 0.27421875 0.35546875 0.0140625 0.0453125
2 0.425 0.3359375 0.0109375 0.04375
2 0.56484375 0.37890625 0.0140625 0.0453125
2 0.6734375 0.3515625 0.0125 0.0484375
2 0.71015625 0.3375 0.0125 0.05
2 0.73828125 0.3828125 0.015625 0.05625
2 0.415625 0.41015625 0.0203125 0.0515625
2 0.21484375 0.42109375 0.015625 0.053125
2 0.73203125 0.4796875 0.021875 0.071875
2 0.22578125 0.534375 0.01875 0.0640625
2 0.721875 0.6625 0.040625 0.0953125
3 0.2953125 0.3 0.0140625 0.034375
0 0.3125 0.35546875 0.00625 0.0109375
2 0.55546875 0.2734375 0.0140625 0.040625