2 0.56171875 0.31875 0.0140625 0.034375
2 0.625 0.31875 0.0125 0.03125
2 0.48515625 0.30078125 0.01875 0.0359375
2 0.54453125 0.32109375 0.015625 0.0328125
3 0.5546875 0.3625 0.0203125 0.0421875
2 0.5171875 0.3625 0.0203125 0.0421875
2 0.69140625 0.4703125 0.028125 0.0578125
2 0.50625 0.32890625 0.0203125 0.0359375
2 0.75078125 0.36875 0.01875 0.0375
2 0.36875 0.3296875 0.021875 0.040625
2 0.31171875 0.3421875 0.021875 0.046875
2 0.6125 0.3734375 0.0171875 0.0390625
2 0.325 0.309375 0.021875 0.046875
1 0.1078125 0.28984375 0.0265625 0.0484375
2 0.3078125 0.43671875 0.0296875 0.053125
2 0.4 0.38671875 0.0265625 0.0515625
2 0.484375 0.375 0.021875 0.046875
2 0.790625 0.478125 0.0265625 0.0609375
3 0.91875 0.90390625 0.05 0.10625
2 0.73203125 0.5578125 0.0328125 0.0546875
2 0.7421875 0.70625 0.0453125 0.09375
0 0.46953125 0.31015625 0.0078125 0.0125
3 0.42109375 0.2625 0.0171875 0.0375
2 0.52421875 0.30625 0.021875 0.0375
2 0.7265625 0.3546875 0.0171875 0.0421875