2 0.47265625 0.32265625 0.015625 0.040625
2 0.44609375 0.31953125 0.015625 0.040625
3 0.490625 0.3546875 0.015625 0.04375
2 0.3359375 0.3328125 0.0140625 0.046875
2 0.1953125 0.39140625 0.015625 0.0546875
2 0.58671875 0.36484375 0.0125 0.0453125
2 0.6171875 0.36640625 0.015625 0.046875
2 0.234375 0.33515625 0.0140625 0.046875
1 0.97890625 0.41171875 0.0171875 0.0515625
2 0.38984375 0.36640625 0.015625 0.05
2 0.525 0.40078125 0.015625 0.05
2 0.353125 0.40390625 0.0171875 0.0546875
2 0.6796875 0.440625 0.01875 0.0609375
2 0.3765625 0.42265625 0.0171875 0.0609375
2 0.2359375 0.58359375 0.0234375 0.0828125
2 0.64375 0.4828125 0.021875 0.065625
2 0.71171875 0.55703125 0.021875 0.0671875
2 0.78125 0.73046875 0.0328125 0.1
3 0.86953125 0.7859375 0.0453125 0.103125
3 0.28203125 0.2640625 0.0125 0.0359375
2 0.34765625 0.2984375 0.0140625 0.0359375
2 0.371875 0.3 0.01875 0.0390625
0 0.41875 0.32734375 0.00625 0.0109375
2 0.54453125 0.29140625 0.015625 0.0375
2 0.5875 0.31171875 0.015625 0.0375