3 0.22109375 0.1921875 0.0203125 0.04375
0 0.75546875 0.6078125 0.009375 0.0109375
2 0.7640625 0.37265625 0.0203125 0.05
2 0.81640625 0.4203125 0.0234375 0.053125
2 0.5578125 0.37734375 0.028125 0.053125
2 0.55625 0.26015625 0.01875 0.0375
2 0.83984375 0.46796875 0.034375 0.0671875
2 0.59296875 0.31796875 0.01875 0.046875
2 0.2359375 0.32734375 0.021875 0.0546875
2 0.52421875 0.73671875 0.0421875 0.078125
2 0.35390625 0.3375 0.0234375 0.053125
3 0.803125 0.46328125 0.03125 0.0578125
1 0.91015625 0.459375 0.0265625 0.0578125
2 0.4453125 0.28828125 0.021875 0.046875
2 0.74453125 0.4875 0.0265625 0.053125
2 0.7859375 0.58828125 0.03125 0.0671875
2 0.68828125 0.4375 0.0234375 0.053125
2 0.1796875 0.46640625 0.028125 0.0671875
2 0.20390625 0.49765625 0.0375 0.075
2 0.3953125 0.62578125 0.034375 0.0734375
2 0.23515625 0.5546875 0.0359375 0.078125
2 0.5390625 0.50234375 0.0359375 0.0671875
2 0.44921875 0.47265625 0.025 0.06875
2 0.759375 0.3921875 0.025 0.05