0 0.55078125 0.471875 0.00625 0.0125
3 0.39375 0.20078125 0.01875 0.0390625
2 0.44453125 0.24140625 0.01875 0.034375
2 0.69765625 0.3453125 0.0234375 0.053125
2 0.7609375 0.36796875 0.01875 0.05625
2 0.5625 0.45078125 0.025 0.059375
2 0.77890625 0.465625 0.0234375 0.065625
2 0.68359375 0.471875 0.028125 0.0625
2 0.496875 0.33984375 0.0171875 0.0546875
3 0.33515625 0.39375 0.0203125 0.0578125
2 0.39765625 0.284375 0.015625 0.05
2 0.3921875 0.3828125 0.0203125 0.05625
3 0.93125 0.84375 0.0375 0.096875
2 0.56640625 0.525 0.0203125 0.065625
2 0.24765625 0.37109375 0.0203125 0.0609375
2 0.109375 0.51328125 0.0234375 0.0703125
2 0.41875 0.725 0.028125 0.084375
2 0.640625 0.63515625 0.0265625 0.0796875
2 0.35859375 0.46875 0.0203125 0.0671875
2 0.22890625 0.4265625 0.025 0.0671875
2 0.8703125 0.56953125 0.0328125 0.0765625
2 0.25859375 0.45859375 0.025 0.06875
2 0.29453125 0.62109375 0.025 0.075
2 0.1546875 0.53046875 0.0234375 0.0765625