3 0.36953125 0.28359375 0.0109375 0.025
2 0.4703125 0.34765625 0.0171875 0.034375
3 0.5140625 0.39453125 0.015625 0.034375
2 0.63984375 0.45859375 0.015625 0.0375
1 0.91796875 0.5015625 0.01875 0.040625
2 0.62578125 0.5484375 0.015625 0.0421875
2 0.6609375 0.4671875 0.0171875 0.040625
2 0.65390625 0.4140625 0.015625 0.0296875
2 0.5296875 0.41640625 0.015625 0.0359375
2 0.68046875 0.43828125 0.015625 0.034375
2 0.62578125 0.4390625 0.015625 0.0359375
2 0.55859375 0.396875 0.0125 0.0328125
2 0.50546875 0.459375 0.0203125 0.040625
2 0.659375 0.659375 0.0234375 0.0546875
2 0.809375 0.7171875 0.021875 0.0515625
2 0.62421875 0.49453125 0.015625 0.0390625
2 0.41171875 0.62109375 0.021875 0.0546875
2 0.40859375 0.52578125 0.0203125 0.0421875
2 0.71015625 0.52890625 0.0203125 0.046875
1 0.16328125 0.41875 0.015625 0.0421875
2 0.271875 0.3890625 0.015625 0.0359375
3 0.79375 0.7359375 0.025 0.0578125
2 0.75703125 0.64453125 0.01875 0.040625
2 0.43828125 0.4921875 0.01875 0.046875
2 0.65546875 0.39375 0.015625 0.0375
0 0.32421875 0.58125 0.009375 0.0140625