3 0.3609375 0.165625 0.015625 0.0359375
2 0.61484375 0.24921875 0.0171875 0.0421875
2 0.403125 0.23046875 0.01875 0.0453125
2 0.40859375 0.29296875 0.01875 0.0546875
0 0.6390625 0.66328125 0.009375 0.015625
2 0.67421875 0.3078125 0.025 0.053125
2 0.66640625 0.65234375 0.0375 0.084375
2 0.39296875 0.3765625 0.021875 0.05
2 0.60859375 0.33359375 0.0203125 0.05625
2 0.490625 0.29140625 0.0203125 0.0546875
2 0.29765625 0.50859375 0.03125 0.078125
2 0.3109375 0.2734375 0.021875 0.059375
2 0.42890625 0.35078125 0.0234375 0.0609375
2 0.28984375 0.27421875 0.021875 0.0515625
3 0.384375 0.425 0.0265625 0.0703125
2 0.68515625 0.34609375 0.021875 0.059375
2 0.25546875 0.321875 0.0234375 0.065625
2 0.640625 0.4078125 0.025 0.0671875
2 0.23203125 0.62421875 0.040625 0.090625
2 0.575 0.58515625 0.0359375 0.075
2 0.85390625 0.3921875 0.0234375 0.0578125
2 0.38359375 0.7859375 0.053125 0.1046875
2 0.2546875 0.4359375 0.0265625 0.071875