3 0.37578125 0.23984375 0.009375 0.028125
2 0.51953125 0.29296875 0.0125 0.0421875
2 0.68046875 0.34375 0.0140625 0.0390625
3 0.56640625 0.3609375 0.0140625 0.046875
2 0.7 0.346875 0.0140625 0.0453125
2 0.615625 0.41171875 0.0125 0.05
2 0.359375 0.675 0.0265625 0.065625
2 0.73359375 0.39765625 0.0140625 0.0515625
2 0.59765625 0.403125 0.01875 0.0515625
2 0.46015625 0.425 0.0171875 0.0546875
2 0.76484375 0.44609375 0.015625 0.05625
2 0.7203125 0.4015625 0.015625 0.0515625
3 0.934375 0.76640625 0.0265625 0.0796875
2 0.62734375 0.7109375 0.0265625 0.0796875
2 0.31796875 0.3640625 0.0140625 0.0515625
2 0.43671875 0.5234375 0.015625 0.065625
2 0.40859375 0.44140625 0.0171875 0.0546875
2 0.62421875 0.5640625 0.021875 0.0671875
2 0.06328125 0.4515625 0.0171875 0.0578125
2 0.65 0.43828125 0.015625 0.0546875
2 0.8453125 0.659375 0.01875 0.0671875
2 0.8265625 0.5390625 0.01875 0.0625
2 0.48125 0.6046875 0.021875 0.0703125
2 0.7640625 0.68671875 0.028125 0.071875
0 0.35 0.69609375 0.0078125 0.0125