0 0.715625 0.58125 0.0140625 0.0140625
2 0.16640625 0.215625 0.0203125 0.046875
2 0.359375 0.19765625 0.0234375 0.053125
3 0.140625 0.15625 0.0203125 0.046875
2 0.55 0.21953125 0.0171875 0.046875
2 0.509375 0.2328125 0.0171875 0.0484375
2 0.6125 0.28203125 0.021875 0.0578125
3 0.49453125 0.31171875 0.0203125 0.05625
2 0.6 0.5515625 0.0265625 0.0703125
2 0.49921875 0.33828125 0.0234375 0.0625
2 0.715625 0.390625 0.021875 0.0671875
2 0.30078125 0.33984375 0.025 0.0640625
2 0.23515625 0.26796875 0.0234375 0.0625
2 0.35234375 0.29375 0.025 0.065625
2 0.09609375 0.33828125 0.021875 0.0671875
2 0.57421875 0.43828125 0.03125 0.071875
2 0.215625 0.559375 0.0296875 0.0890625
2 0.41484375 0.3515625 0.025 0.0625
2 0.69140625 0.421875 0.025 0.071875
2 0.775 0.6109375 0.03125 0.078125
2 0.30390625 0.44453125 0.028125 0.078125
2 0.75078125 0.44609375 0.0296875 0.0734375
2 0.80234375 0.63984375 0.0453125 0.075