0 0.7265625 0.54296875 0.0125 0.0125
2 0.121875 0.278125 0.015625 0.046875
2 0.309375 0.2265625 0.01875 0.0515625
3 0.0859375 0.2234375 0.015625 0.046875
2 0.5 0.215625 0.0140625 0.0453125
2 0.4625 0.23515625 0.0125 0.046875
2 0.5734375 0.26640625 0.0171875 0.05625
3 0.46171875 0.315625 0.0140625 0.0546875
2 0.6078125 0.53359375 0.0203125 0.06875
2 0.47109375 0.340625 0.0171875 0.0609375
2 0.69375 0.3546875 0.015625 0.0671875
2 0.27578125 0.3765625 0.0171875 0.0640625
2 0.19921875 0.3171875 0.0171875 0.0609375
2 0.31875 0.32265625 0.01875 0.0640625
2 0.07421875 0.4109375 0.0140625 0.065625
2 0.5625 0.4265625 0.0234375 0.0703125
2 0.23046875 0.6078125 0.0203125 0.0875
2 0.390625 0.36875 0.01875 0.0609375
2 0.675 0.38984375 0.01875 0.071875
2 0.78984375 0.56171875 0.0234375 0.0765625
2 0.29765625 0.4796875 0.0203125 0.0765625
2 0.7375 0.403125 0.0234375 0.071875
2 0.821875 0.58515625 0.0375 0.071875