3 0.3328125 0.2453125 0.0125 0.0296875
0 0.44296875 0.66328125 0.0078125 0.0125
2 0.4140625 0.61640625 0.0359375 0.059375
2 0.1421875 0.60078125 0.0328125 0.0734375
2 0.6265625 0.40234375 0.0171875 0.05
2 0.50703125 0.3890625 0.0171875 0.05
2 0.2828125 0.5859375 0.0234375 0.0703125
2 0.34765625 0.6546875 0.025 0.0625
2 0.6703125 0.403125 0.021875 0.0484375
2 0.253125 0.453125 0.0203125 0.0578125
3 0.3328125 0.44921875 0.021875 0.0578125
2 0.33359375 0.64296875 0.0328125 0.078125
2 0.3390625 0.34921875 0.021875 0.0484375
3 0.92578125 0.81171875 0.034375 0.08125
2 0.63515625 0.56015625 0.025 0.0578125
2 0.19375 0.56015625 0.028125 0.071875
2 0.3 0.60078125 0.0328125 0.06875
2 0.265625 0.62421875 0.025 0.065625
2 0.53828125 0.48671875 0.021875 0.0546875
2 0.72890625 0.4515625 0.0234375 0.05625
2 0.86484375 0.66015625 0.0265625 0.075
2 0.37734375 0.5046875 0.025 0.0640625
2 0.52109375 0.6296875 0.0265625 0.065625
2 0.4828125 0.2859375 0.015625 0.0421875