0 0.859375 0.36875 0.009375 0.0125
2 0.65390625 0.284375 0.0265625 0.05
2 0.8015625 0.33671875 0.0328125 0.05625
3 0.5625 0.33671875 0.0296875 0.0578125
2 0.66953125 0.30078125 0.0296875 0.0546875
2 0.6296875 0.28125 0.025 0.0515625
1 0.82734375 0.275 0.0375 0.0546875
2 0.590625 0.33125 0.028125 0.053125
2 0.834375 0.3609375 0.0296875 0.0578125
2 0.69765625 0.28203125 0.028125 0.05625
2 0.64765625 0.36328125 0.0265625 0.05625
2 0.69609375 0.3421875 0.0265625 0.059375
2 0.76640625 0.29609375 0.025 0.0609375
2 0.3328125 0.3234375 0.0234375 0.05
2 0.53046875 0.384375 0.028125 0.0609375
2 0.08671875 0.5203125 0.028125 0.0640625
2 0.0546875 0.459375 0.025 0.0578125
2 0.1359375 0.390625 0.0265625 0.0515625
2 0.32109375 0.52578125 0.0375 0.0734375
2 0.11015625 0.42578125 0.025 0.053125
2 0.1 0.50625 0.0328125 0.065625
2 0.64765625 0.27109375 0.025 0.0453125
2 0.671875 0.2828125 0.028125 0.0484375