0 0.88203125 0.47265625 0.00625 0.0109375
2 0.7078125 0.33515625 0.0171875 0.0484375
2 0.83515625 0.4265625 0.0234375 0.053125
3 0.6046875 0.3609375 0.01875 0.0546875
2 0.71796875 0.35546875 0.01875 0.053125
2 0.68515625 0.32578125 0.0140625 0.0515625
1 0.8765625 0.37421875 0.028125 0.0515625
2 0.63359375 0.36328125 0.0171875 0.0515625
2 0.859375 0.45859375 0.01875 0.0546875
2 0.75 0.3453125 0.0171875 0.0546875
2 0.6796875 0.409375 0.015625 0.0546875
2 0.73203125 0.40234375 0.015625 0.059375
2 0.8125 0.37734375 0.0140625 0.059375
2 0.38828125 0.284375 0.0140625 0.05
2 0.56171875 0.39765625 0.015625 0.059375
2 0.096875 0.40546875 0.015625 0.0640625
2 0.0828125 0.33828125 0.0140625 0.05625
2 0.18046875 0.29453125 0.0171875 0.05
2 0.32109375 0.47578125 0.0234375 0.071875
2 0.14609375 0.32109375 0.015625 0.0515625
2 0.11328125 0.39609375 0.0203125 0.0640625
2 0.7046875 0.3203125 0.015625 0.04375
2 0.725 0.3390625 0.0203125 0.0453125