3 0.3015625 0.29140625 0.0140625 0.0296875
2 0.45390625 0.296875 0.01875 0.0421875
2 0.62265625 0.2953125 0.0203125 0.0390625
3 0.5203125 0.34765625 0.021875 0.0484375
2 0.64296875 0.29296875 0.021875 0.046875
2 0.5828125 0.38046875 0.0203125 0.05
2 0.4203125 0.71015625 0.0375 0.06875
2 0.690625 0.33046875 0.021875 0.0515625
2 0.56328125 0.378125 0.0265625 0.0515625
2 0.43828125 0.44140625 0.0265625 0.05625
2 0.73515625 0.3671875 0.025 0.0578125
2 0.6796875 0.33828125 0.0234375 0.0515625
3 0.9875 0.61875 0.025 0.08125
2 0.6859375 0.66171875 0.0390625 0.08125
2 0.284375 0.42734375 0.021875 0.0515625
2 0.446875 0.5421875 0.0265625 0.065625
2 0.39453125 0.47265625 0.025 0.0546875
2 0.6375 0.52265625 0.0328125 0.0671875
2 0.06953125 0.5890625 0.0265625 0.0578125
2 0.6234375 0.3953125 0.025 0.0546875
2 0.87734375 0.5453125 0.0296875 0.06875
2 0.82265625 0.43671875 0.0296875 0.0625
2 0.5140625 0.60546875 0.0328125 0.071875
2 0.80859375 0.59609375 0.0390625 0.075
0 0.41796875 0.7328125 0.009375 0.0125