3 0.225 0.221875 0.015625 0.0390625
2 0.5625 0.265625 0.0140625 0.0453125
2 0.57109375 0.27109375 0.01875 0.04375
2 0.42421875 0.24765625 0.0171875 0.040625
3 0.5859375 0.32109375 0.0125 0.0515625
2 0.3953125 0.24453125 0.0140625 0.05
2 0.215625 0.259375 0.009375 0.05
2 0.63359375 0.32734375 0.015625 0.0546875
2 0.48828125 0.27890625 0.0125 0.0484375
2 0.87890625 0.44921875 0.015625 0.0609375
2 0.76796875 0.3328125 0.0125 0.05625
2 0.81484375 0.40390625 0.0125 0.0671875
2 0.42265625 0.33515625 0.015625 0.059375
2 0.45546875 0.3421875 0.0140625 0.05625
2 0.74609375 0.375 0.015625 0.059375
2 0.89140625 0.53515625 0.025 0.071875
2 0.58828125 0.40546875 0.0171875 0.059375
2 0.278125 0.35390625 0.015625 0.059375
2 0.659375 0.66484375 0.021875 0.0796875
2 0.13515625 0.36640625 0.0125 0.0609375
2 0.2140625 0.53359375 0.021875 0.078125
0 0.39140625 0.2671875 0.0046875 0.009375
2 0.6390625 0.3265625 0.0171875 0.046875