3 0.20625 0.24140625 0.0171875 0.0390625
2 0.54609375 0.26171875 0.015625 0.0453125
2 0.5546875 0.26640625 0.0203125 0.0453125
2 0.40625 0.25390625 0.01875 0.0421875
3 0.5734375 0.315625 0.0140625 0.0515625
2 0.37734375 0.25234375 0.015625 0.05
2 0.2 0.2796875 0.0109375 0.05
2 0.62109375 0.31875 0.0171875 0.0546875
2 0.47265625 0.2796875 0.0140625 0.0484375
2 0.875 0.4234375 0.01875 0.0609375
2 0.75546875 0.31484375 0.0140625 0.05625
2 0.8078125 0.38203125 0.0140625 0.0671875
2 0.4109375 0.34140625 0.0171875 0.059375
2 0.44453125 0.3453125 0.015625 0.05625
2 0.73671875 0.35859375 0.0171875 0.059375
2 0.89296875 0.5078125 0.0265625 0.0734375
2 0.58125 0.39921875 0.01875 0.059375
2 0.26875 0.36953125 0.0171875 0.059375
2 0.67109375 0.653125 0.025 0.08125
2 0.1265625 0.3921875 0.015625 0.0609375
2 0.2171875 0.553125 0.025 0.0796875
0 0.37578125 0.275 0.0046875 0.009375
2 0.6265625 0.3171875 0.01875 0.046875