0 0.575 0.6140625 0.0125 0.0171875
3 0.2890625 0.23203125 0.01875 0.040625
2 0.6109375 0.26796875 0.0296875 0.0546875
2 0.5140625 0.2484375 0.0203125 0.046875
2 0.3265625 0.4015625 0.028125 0.05
2 0.61015625 0.36875 0.028125 0.065625
2 0.2859375 0.328125 0.025 0.0484375
2 0.5609375 0.5953125 0.04375 0.0875
2 0.6265625 0.425 0.03125 0.071875
2 0.2765625 0.409375 0.028125 0.0625
2 0.4890625 0.74609375 0.04375 0.0875
2 0.40078125 0.3578125 0.0296875 0.0609375
2 0.459375 0.7734375 0.046875 0.09375
2 0.484375 0.6234375 0.040625 0.090625
2 0.64375 0.31953125 0.028125 0.065625
2 0.259375 0.421875 0.0296875 0.065625
2 0.8546875 0.3015625 0.0296875 0.065625
3 0.37109375 0.50234375 0.0328125 0.0734375
2 0.490625 0.4265625 0.0328125 0.0703125
2 0.41171875 0.51875 0.0375 0.0734375
2 0.8765625 0.58359375 0.0453125 0.0984375
2 0.25 0.5015625 0.04375 0.078125
2 0.66640625 0.61484375 0.040625 0.0875