3 0.2359375 0.2203125 0.0140625 0.040625
3 0.64296875 0.4296875 0.0171875 0.05
2 0.72265625 0.3484375 0.0171875 0.0515625
2 0.31875 0.43359375 0.0203125 0.05625
2 0.725 0.36484375 0.021875 0.05
0 0.55703125 0.5984375 0.0078125 0.0109375
2 0.55390625 0.25078125 0.0140625 0.0390625
2 0.6109375 0.571875 0.0359375 0.071875
2 0.42421875 0.41953125 0.021875 0.0625
2 0.64765625 0.44921875 0.021875 0.059375
2 0.78984375 0.390625 0.0125 0.05625
2 0.2484375 0.4234375 0.0203125 0.05625
2 0.5625 0.328125 0.015625 0.05
2 0.36875 0.7796875 0.0296875 0.0859375
2 0.1625 0.54609375 0.025 0.071875
2 0.87890625 0.478125 0.0171875 0.0625
2 0.375 0.30546875 0.01875 0.046875
2 0.221875 0.6828125 0.025 0.0796875
2 0.14609375 0.62421875 0.021875 0.08125
2 0.43671875 0.459375 0.0265625 0.05625
2 0.38828125 0.50625 0.025 0.065625
2 0.596875 0.5796875 0.034375 0.0734375
2 0.2296875 0.59765625 0.03125 0.078125