3 0.28828125 0.134375 0.025 0.046875
2 0.57109375 0.22734375 0.0203125 0.04375
2 0.5296875 0.20078125 0.025 0.053125
2 0.671875 0.23203125 0.025 0.0515625
2 0.4890625 0.25546875 0.0234375 0.053125
3 0.615625 0.31953125 0.0296875 0.0609375
2 0.60625 0.315625 0.0265625 0.059375
2 0.6921875 0.2703125 0.0265625 0.0515625
2 0.45625 0.315625 0.0359375 0.06875
2 0.31328125 0.1828125 0.0296875 0.05625
2 0.80625 0.446875 0.03125 0.0703125
2 0.40625 0.253125 0.028125 0.059375
2 0.834375 0.48671875 0.0375 0.075
2 0.240625 0.284375 0.028125 0.0671875
2 0.50546875 0.3234375 0.03125 0.0671875
2 0.61015625 0.39140625 0.0296875 0.065625
2 0.79453125 0.40078125 0.03125 0.0671875
2 0.36953125 0.40546875 0.034375 0.075
2 0.875 0.65859375 0.0390625 0.08125
2 0.5875 0.57421875 0.04375 0.103125
2 0.36875 0.53515625 0.0484375 0.0890625
2 0.875 0.7359375 0.0421875 0.0890625
0 0.39765625 0.27734375 0.0078125 0.0140625