3 0.315625 0.18828125 0.0109375 0.034375
2 0.57890625 0.23515625 0.0109375 0.0421875
2 0.36640625 0.246875 0.0125 0.0453125
2 0.38125 0.3078125 0.0125 0.053125
0 0.6609375 0.6421875 0.0078125 0.0140625
2 0.64609375 0.28515625 0.01875 0.0515625
2 0.6859375 0.62734375 0.0265625 0.0828125
2 0.37734375 0.3921875 0.015625 0.05
2 0.584375 0.3203125 0.0140625 0.0546875
2 0.46171875 0.29453125 0.0140625 0.053125
2 0.30078125 0.53671875 0.021875 0.0765625
2 0.28125 0.3015625 0.0140625 0.059375
2 0.40859375 0.3625 0.015625 0.059375
2 0.26015625 0.30546875 0.015625 0.0515625
3 0.37578125 0.44140625 0.0171875 0.0703125
2 0.66171875 0.321875 0.0140625 0.059375
2 0.2328125 0.3578125 0.015625 0.0640625
2 0.6265625 0.3890625 0.015625 0.065625
2 0.25234375 0.66015625 0.0296875 0.0875
2 0.58671875 0.57421875 0.0265625 0.071875
2 0.83515625 0.34375 0.015625 0.05625
2 0.425 0.79921875 0.040625 0.1
2 0.2484375 0.47109375 0.0171875 0.0703125