0 0.57109375 0.61640625 0.0109375 0.0171875
3 0.2984375 0.225 0.0171875 0.040625
2 0.61953125 0.271875 0.028125 0.0546875
2 0.52265625 0.24921875 0.01875 0.046875
2 0.3296875 0.3953125 0.0265625 0.05
2 0.6140625 0.37265625 0.0265625 0.065625
2 0.29140625 0.3203125 0.0234375 0.0484375
2 0.55703125 0.596875 0.040625 0.0875
2 0.62890625 0.4296875 0.0296875 0.071875
2 0.28046875 0.4015625 0.0265625 0.0625
2 0.48046875 0.7453125 0.040625 0.0875
2 0.40625 0.3546875 0.028125 0.0609375
2 0.45 0.771875 0.04375 0.09375
2 0.4796875 0.62265625 0.0375 0.090625
2 0.64921875 0.32421875 0.0265625 0.065625
2 0.26171875 0.41328125 0.028125 0.065625
2 0.86171875 0.3140625 0.028125 0.065625
3 0.37109375 0.49765625 0.03125 0.0734375
2 0.49296875 0.4265625 0.0296875 0.0703125
2 0.41171875 0.515625 0.0359375 0.071875
2 0.8734375 0.59609375 0.0421875 0.0984375
2 0.25 0.49296875 0.0421875 0.078125
2 0.6625 0.6203125 0.0375 0.0875