2 0.2609375 0.36015625 0.028125 0.053125
2 0.56953125 0.371875 0.01875 0.0421875
2 0.43046875 0.275 0.021875 0.03125
2 0.48828125 0.32265625 0.015625 0.0375
2 0.48125 0.3265625 0.021875 0.0421875
2 0.265625 0.3734375 0.028125 0.05
2 0.753125 0.45390625 0.01875 0.0453125
2 0.5578125 0.34140625 0.01875 0.0421875
2 0.5484375 0.4203125 0.0203125 0.0453125
2 0.7265625 0.39765625 0.01875 0.0421875
3 0.56328125 0.425 0.0296875 0.046875
2 0.6390625 0.57578125 0.021875 0.0546875
2 0.3984375 0.34609375 0.0203125 0.0421875
2 0.734375 0.4796875 0.025 0.046875
2 0.2296875 0.57578125 0.0390625 0.0671875
2 0.48359375 0.721875 0.0390625 0.075
2 0.4578125 0.30390625 0.021875 0.034375
2 0.31796875 0.31328125 0.021875 0.046875
2 0.63125 0.39765625 0.0203125 0.046875
2 0.79375 0.58046875 0.0265625 0.0578125
2 0.20078125 0.4859375 0.028125 0.059375
3 0.38828125 0.23984375 0.0234375 0.0390625