2 0.3140625 0.4703125 0.0328125 0.06875
2 0.303125 0.475 0.0296875 0.0609375
2 0.8796875 0.64375 0.025 0.0796875
2 0.42734375 0.5421875 0.0234375 0.06875
2 0.6828125 0.3640625 0.0171875 0.046875
2 0.7734375 0.45859375 0.0265625 0.0578125
2 0.346875 0.5296875 0.034375 0.0609375
2 0.2515625 0.56796875 0.0375 0.0640625
2 0.365625 0.6234375 0.0234375 0.0703125
2 0.3390625 0.353125 0.025 0.0484375
2 0.61640625 0.58359375 0.0234375 0.0671875
2 0.2796875 0.5578125 0.028125 0.0609375
2 0.853125 0.66171875 0.0203125 0.0796875
2 0.38203125 0.3046875 0.025 0.04375
2 0.85 0.4875 0.01875 0.0640625
2 0.76484375 0.52265625 0.0234375 0.06875
2 0.4453125 0.45625 0.0265625 0.0609375
3 0.5109375 0.41015625 0.021875 0.05
2 0.60078125 0.53828125 0.0265625 0.065625
2 0.4953125 0.56171875 0.028125 0.071875
2 0.76328125 0.69921875 0.03125 0.0703125
3 0.4328125 0.2046875 0.0140625 0.03125
0 0.246875 0.58671875 0.009375 0.0140625