2 0.61171875 0.35625 0.0171875 0.03125
2 0.5328125 0.34375 0.015625 0.0375
2 0.68125 0.35859375 0.015625 0.040625
2 0.24921875 0.375 0.0171875 0.0421875
2 0.3046875 0.33046875 0.01875 0.0390625
3 0.4875 0.39453125 0.0140625 0.040625
2 0.43671875 0.40234375 0.0171875 0.046875
2 0.40390625 0.3859375 0.01875 0.0484375
2 0.66796875 0.42734375 0.01875 0.05
2 0.20390625 0.59296875 0.0265625 0.0671875
2 0.7609375 0.428125 0.0171875 0.046875
2 0.16171875 0.49140625 0.021875 0.0609375
2 0.7140625 0.5859375 0.021875 0.0546875
2 0.27109375 0.46640625 0.021875 0.059375
2 0.59296875 0.4609375 0.0203125 0.05625
2 0.2078125 0.409375 0.01875 0.05625
2 0.5640625 0.45078125 0.0203125 0.0515625
2 0.22109375 0.47734375 0.0234375 0.0609375
2 0.85859375 0.56015625 0.03125 0.059375
2 0.6609375 0.665625 0.0265625 0.065625
2 0.378125 0.6390625 0.0359375 0.065625
0 0.4578125 0.3765625 0.0078125 0.0140625
3 0.2625 0.24453125 0.0171875 0.0390625