2 0.59296875 0.28515625 0.0140625 0.0328125
2 0.22734375 0.37421875 0.0140625 0.0328125
2 0.60234375 0.340625 0.0109375 0.0359375
1 0.81640625 0.32578125 0.0171875 0.0484375
2 0.71015625 0.33671875 0.0140625 0.0390625
2 0.91484375 0.44765625 0.0171875 0.05
2 0.5296875 0.31328125 0.0140625 0.0359375
2 0.621875 0.3828125 0.021875 0.0453125
2 0.24296875 0.40859375 0.01875 0.0359375
2 0.3703125 0.4421875 0.0140625 0.046875
2 0.35078125 0.31796875 0.0109375 0.034375
2 0.3203125 0.39453125 0.015625 0.0453125
2 0.17734375 0.48515625 0.01875 0.046875
3 0.43125 0.434375 0.0140625 0.05
2 0.5765625 0.396875 0.0171875 0.040625
2 0.77109375 0.48828125 0.01875 0.046875
2 0.28046875 0.5359375 0.0234375 0.05625
2 0.23046875 0.653125 0.0265625 0.0609375
2 0.38203125 0.66328125 0.021875 0.06875
2 0.14375 0.62109375 0.0203125 0.0671875
2 0.77109375 0.6640625 0.03125 0.0703125
2 0.12421875 0.63671875 0.0265625 0.06875
3 0.1359375 0.32578125 0.0125 0.03125