1 0.971875 0.30703125 0.0125 0.0390625
2 0.56171875 0.32890625 0.0171875 0.03125
2 0.4828125 0.34140625 0.015625 0.0375
2 0.62890625 0.309375 0.015625 0.040625
2 0.22265625 0.45859375 0.0171875 0.0421875
2 0.26171875 0.39921875 0.01875 0.0390625
3 0.45546875 0.403125 0.0140625 0.040625
2 0.409375 0.4265625 0.0171875 0.046875
2 0.3734375 0.42109375 0.01875 0.0484375
2 0.6375 0.37890625 0.01875 0.05
2 0.246875 0.68046875 0.0265625 0.0671875
2 0.7265625 0.35078125 0.0171875 0.046875
2 0.17578125 0.59609375 0.021875 0.0609375
2 0.73046875 0.515625 0.021875 0.0546875
2 0.271875 0.53828125 0.021875 0.059375
2 0.5765625 0.434375 0.0203125 0.05625
2 0.19375 0.50390625 0.01875 0.05625
2 0.5453125 0.43359375 0.0203125 0.0515625
2 0.228125 0.56484375 0.0234375 0.0609375
2 0.859375 0.44609375 0.03125 0.059375
2 0.7046875 0.6078125 0.0265625 0.065625
2 0.42734375 0.66953125 0.0359375 0.065625
0 0.421875 0.3953125 0.0078125 0.0140625
3 0.1953125 0.33046875 0.0171875 0.0390625