2 0.26484375 0.21328125 0.01875 0.0421875
2 0.38359375 0.1578125 0.0171875 0.0359375
2 0.5765625 0.1734375 0.0140625 0.0328125
1 0.22421875 0.1921875 0.0171875 0.040625
2 0.68125 0.2140625 0.0140625 0.0390625
2 0.47578125 0.1828125 0.0140625 0.0421875
2 0.5265625 0.3359375 0.015625 0.053125
2 0.5078125 0.19765625 0.0140625 0.0421875
2 0.7546875 0.2234375 0.01875 0.040625
2 0.69375 0.25390625 0.0140625 0.04375
2 0.10625 0.29921875 0.021875 0.05625
2 0.30625 0.48125 0.0265625 0.06875
3 0.64609375 0.246875 0.0125 0.0453125
2 0.89609375 0.33671875 0.0171875 0.053125
2 0.7578125 0.3546875 0.01875 0.0546875
2 0.7921875 0.4296875 0.021875 0.05625
2 0.5421875 0.275 0.01875 0.05
2 0.48046875 0.29296875 0.01875 0.0515625
2 0.865625 0.4125 0.021875 0.0609375
2 0.72109375 0.33359375 0.0171875 0.0515625
2 0.4015625 0.38359375 0.0234375 0.0609375
2 0.7 0.53125 0.0234375 0.0671875
3 0.83203125 0.95234375 0.0359375 0.0953125
0 0.25234375 0.2265625 0.00625 0.009375
3 0.4484375 0.11171875 0.0125 0.0328125