2 0.43515625 0.29375 0.025 0.0546875
2 0.75625 0.20703125 0.021875 0.05
2 0.5234375 0.17109375 0.01875 0.0390625
2 0.28828125 0.2953125 0.021875 0.05
2 0.3453125 0.46328125 0.0265625 0.059375
2 0.44609375 0.303125 0.03125 0.0421875
1 0.034375 0.4125 0.0265625 0.0515625
2 0.721875 0.18828125 0.021875 0.05
2 0.22890625 0.378125 0.0234375 0.0515625
2 0.34765625 0.3578125 0.025 0.053125
2 0.3390625 0.4125 0.028125 0.053125
2 0.5484375 0.42734375 0.0296875 0.071875
2 0.77265625 0.22265625 0.0234375 0.05
2 0.28203125 0.67890625 0.0453125 0.0765625
3 0.4671875 0.40625 0.028125 0.0578125
2 0.546875 0.3421875 0.025 0.05625
3 0.94609375 0.77109375 0.0578125 0.1015625
2 0.4171875 0.5453125 0.0390625 0.0703125
2 0.30078125 0.49296875 0.0390625 0.0671875
2 0.4046875 0.6359375 0.053125 0.078125
2 0.7859375 0.4 0.034375 0.0734375
2 0.75703125 0.4296875 0.034375 0.06875
3 0.3703125 0.1515625 0.01875 0.0359375
0 0.42265625 0.33125 0.0078125 0.0125
2 0.43828125 0.3046875 0.021875 0.04375