3 0.22734375 0.33046875 0.0125 0.0265625
2 0.38125 0.37421875 0.0109375 0.0328125
2 0.2625 0.39375 0.0140625 0.0375
1 0.84453125 0.48671875 0.0125 0.0375
2 0.2640625 0.43046875 0.0109375 0.0359375
2 0.7484375 0.5234375 0.0140625 0.046875
2 0.3671875 0.3984375 0.0125 0.0328125
3 0.45390625 0.515625 0.0140625 0.0453125
2 0.6359375 0.45078125 0.0109375 0.040625
2 0.4546875 0.47578125 0.0109375 0.0390625
3 0.93671875 0.73984375 0.0296875 0.0609375
2 0.178125 0.68828125 0.0234375 0.0671875
2 0.584375 0.43125 0.015625 0.040625
2 0.2140625 0.43828125 0.015625 0.04375
2 0.3171875 0.584375 0.0171875 0.0546875
2 0.834375 0.73984375 0.021875 0.071875
2 0.72890625 0.56328125 0.015625 0.05
2 0.43046875 0.48515625 0.015625 0.046875
2 0.409375 0.815625 0.0296875 0.06875
2 0.18125 0.4921875 0.0171875 0.0453125
2 0.76953125 0.6734375 0.021875 0.0609375
2 0.4125 0.5953125 0.0203125 0.05625
2 0.16953125 0.58515625 0.0203125 0.05625
2 0.2765625 0.73984375 0.0203125 0.0703125
0 0.82890625 0.49140625 0.00625 0.009375