2 0.75078125 0.2828125 0.0203125 0.0296875
2 0.4109375 0.2390625 0.0109375 0.0296875
2 0.65625 0.259375 0.009375 0.028125
2 0.64765625 0.265625 0.0109375 0.0296875
2 0.39609375 0.28984375 0.015625 0.0453125
2 0.38984375 0.32734375 0.0140625 0.046875
2 0.5796875 0.3421875 0.0125 0.04375
2 0.41953125 0.24375 0.015625 0.0359375
2 0.58515625 0.2609375 0.0125 0.0359375
2 0.73046875 0.29140625 0.015625 0.034375
2 0.66875 0.32578125 0.0125 0.0375
2 0.29140625 0.578125 0.0171875 0.0625
2 0.53359375 0.31796875 0.0140625 0.0421875
2 0.8171875 0.40625 0.0234375 0.0515625
2 0.440625 0.3125 0.0109375 0.04375
1 0.06875 0.303125 0.015625 0.0453125
2 0.43359375 0.37421875 0.0171875 0.05
2 0.68046875 0.37109375 0.015625 0.0453125
3 0.5046875 0.36875 0.015625 0.046875
2 0.53359375 0.4703125 0.0203125 0.05625
2 0.715625 0.4859375 0.01875 0.0609375
2 0.32109375 0.46171875 0.025 0.05625
3 0.44765625 0.21171875 0.0109375 0.028125
0 0.7578125 0.29609375 0.00625 0.0109375