2 0.634375 0.29765625 0.009375 0.0265625
1 0.140625 0.45 0.0171875 0.040625
2 0.359375 0.37578125 0.0109375 0.0359375
2 0.70234375 0.42734375 0.0109375 0.040625
2 0.7375 0.3578125 0.009375 0.0375
2 0.73359375 0.4140625 0.0125 0.040625
2 0.11875 0.6296875 0.0265625 0.0546875
2 0.346875 0.75078125 0.0171875 0.065625
2 0.4171875 0.375 0.0109375 0.0359375
3 0.61015625 0.46484375 0.0140625 0.046875
2 0.28984375 0.4984375 0.015625 0.05
2 0.1953125 0.63828125 0.021875 0.05
2 0.24140625 0.503125 0.0125 0.046875
2 0.49140625 0.40859375 0.0109375 0.040625
2 0.6515625 0.4265625 0.0171875 0.040625
2 0.3984375 0.525 0.0234375 0.046875
2 0.7484375 0.446875 0.0171875 0.0484375
2 0.6703125 0.6296875 0.0171875 0.0640625
2 0.7375 0.63203125 0.0203125 0.0671875
2 0.61484375 0.57265625 0.01875 0.059375
2 0.41953125 0.52421875 0.01875 0.05
2 0.36953125 0.7234375 0.0234375 0.0671875
3 0.82265625 0.83671875 0.0296875 0.0796875
3 0.42421875 0.27890625 0.009375 0.0265625
0 0.10546875 0.646875 0.00625 0.0109375