0 0.8171875 0.7578125 0.0078125 0.0109375
2 0.24296875 0.57734375 0.0171875 0.046875
2 0.5640625 0.55859375 0.015625 0.040625
2 0.53671875 0.4734375 0.0125 0.0328125
2 0.36796875 0.4578125 0.0109375 0.03125
1 0.84453125 0.56640625 0.0140625 0.040625
2 0.31484375 0.51328125 0.0140625 0.0453125
2 0.403125 0.5375 0.0140625 0.0421875
2 0.40078125 0.59375 0.015625 0.046875
2 0.5453125 0.5703125 0.0140625 0.0453125
3 0.44765625 0.58359375 0.015625 0.0453125
2 0.4796875 0.6625 0.015625 0.0515625
2 0.59375 0.696875 0.0265625 0.0515625
2 0.303125 0.49765625 0.0125 0.0390625
2 0.25390625 0.60546875 0.0171875 0.0484375
2 0.20234375 0.64609375 0.0171875 0.0515625
3 0.88359375 0.91328125 0.034375 0.0671875
2 0.22265625 0.75546875 0.0234375 0.065625
2 0.84140625 0.75078125 0.0265625 0.05625
2 0.42734375 0.68125 0.01875 0.0546875
2 0.3421875 0.86875 0.0234375 0.0671875
2 0.4671875 0.6921875 0.025 0.05625
2 0.0140625 0.73046875 0.021875 0.05625
2 0.24765625 0.5671875 0.0171875 0.0453125
3 0.35390625 0.3875 0.009375 0.0265625