3 0.496875 0.115625 0.015625 0.034375
2 0.61171875 0.1671875 0.0125 0.0359375
2 0.80859375 0.26171875 0.0203125 0.0453125
2 0.41875 0.16875 0.015625 0.04375
2 0.86328125 0.384375 0.025 0.0625
2 0.2796875 0.265625 0.021875 0.0515625
2 0.725 0.2484375 0.0171875 0.046875
2 0.53671875 0.228125 0.0171875 0.0421875
2 0.38828125 0.3046875 0.028125 0.053125
2 0.52734375 0.203125 0.0171875 0.0421875
2 0.7125 0.29609375 0.01875 0.0484375
2 0.1140625 0.378125 0.0265625 0.0671875
3 0.66640625 0.26171875 0.01875 0.046875
2 0.8953125 0.5140625 0.025 0.0625
2 0.77265625 0.37734375 0.0265625 0.0578125
2 0.5203125 0.384375 0.0234375 0.0578125
2 0.5578125 0.31015625 0.0203125 0.0515625
2 0.8078125 0.55703125 0.025 0.0703125
2 0.2421875 0.5765625 0.0296875 0.078125
2 0.69296875 0.403125 0.0234375 0.0578125
3 0.828125 0.9578125 0.053125 0.084375
2 0.45078125 0.40078125 0.0203125 0.0609375
2 0.57421875 0.58828125 0.0296875 0.0796875
1 0.1875 0.1828125 0.0234375 0.0546875
0 0.2765625 0.29296875 0.0078125 0.0125