2 0.390625 0.44375 0.0140625 0.0390625
1 0.0125 0.45546875 0.015625 0.0390625
2 0.434375 0.31484375 0.0109375 0.0265625
2 0.27265625 0.4296875 0.009375 0.04375
2 0.28203125 0.52578125 0.021875 0.0515625
2 0.58984375 0.36328125 0.009375 0.0359375
2 0.459375 0.3671875 0.009375 0.0359375
2 0.28046875 0.4296875 0.0125 0.0453125
2 0.32109375 0.37421875 0.0109375 0.0359375
2 0.384375 0.33359375 0.009375 0.034375
3 0.38984375 0.459375 0.0140625 0.0453125
2 0.884375 0.3859375 0.0125 0.04375
2 0.65390625 0.321875 0.0109375 0.0359375
2 0.471875 0.5125 0.0109375 0.0484375
2 0.5703125 0.39453125 0.009375 0.0390625
2 0.590625 0.43359375 0.0109375 0.0421875
2 0.45546875 0.47109375 0.0125 0.046875
2 0.3328125 0.48515625 0.0109375 0.046875
3 0.990625 0.7984375 0.01875 0.08125
2 0.81171875 0.478125 0.0171875 0.0453125
2 0.28203125 0.61640625 0.0140625 0.0578125
2 0.36484375 0.56796875 0.0140625 0.05625
2 0.4828125 0.8078125 0.03125 0.0703125
0 0.80625 0.49609375 0.00625 0.009375
2 0.521875 0.2828125 0.0125 0.034375
3 0.34296875 0.2953125 0.009375 0.028125