2 0.5078125 0.6796875 0.01875 0.0546875
2 0.34375 0.45390625 0.0125 0.0359375
2 0.3859375 0.41953125 0.0125 0.0296875
2 0.434375 0.540625 0.015625 0.040625
3 0.85703125 0.9234375 0.025 0.0671875
2 0.56328125 0.4 0.0125 0.03125
1 0.0625 0.44296875 0.0171875 0.0375
3 0.4265625 0.5671875 0.01875 0.046875
2 0.54453125 0.58046875 0.015625 0.0484375
2 0.4421875 0.48671875 0.015625 0.0390625
2 0.2953125 0.5046875 0.0171875 0.0421875
2 0.3359375 0.734375 0.025 0.0625
2 0.3859375 0.4515625 0.0140625 0.0375
2 0.26484375 0.61484375 0.025 0.05625
2 0.59765625 0.51328125 0.0140625 0.0375
2 0.5625 0.55859375 0.0234375 0.04375
2 0.33671875 0.49296875 0.01875 0.05
1 0.871875 0.5625 0.0171875 0.040625
2 0.73984375 0.54375 0.0171875 0.04375
2 0.7125 0.68515625 0.0203125 0.05
2 0.36015625 0.56328125 0.015625 0.046875
2 0.6640625 0.7390625 0.025 0.0609375
2 0.16796875 0.77109375 0.025 0.065625
2 0.43203125 0.84609375 0.03125 0.0703125
3 0.40546875 0.35859375 0.0109375 0.025
0 0.6578125 0.74921875 0.00625 0.009375