3 0.41328125 0.25859375 0.0109375 0.034375
2 0.78203125 0.36171875 0.0125 0.04375
2 0.76484375 0.29921875 0.0125 0.0390625
2 0.70078125 0.259375 0.0109375 0.0359375
2 0.73828125 0.290625 0.0125 0.0390625
2 0.7546875 0.3578125 0.0125 0.040625
1 0.1515625 0.40078125 0.0140625 0.0453125
2 0.45546875 0.29921875 0.0109375 0.0390625
2 0.61484375 0.375 0.0171875 0.05
2 0.24296875 0.4890625 0.01875 0.05
2 0.66875 0.39140625 0.015625 0.0453125
2 0.42890625 0.39765625 0.0125 0.0453125
2 0.565625 0.3265625 0.009375 0.040625
2 0.3625 0.678125 0.028125 0.06875
2 0.41328125 0.440625 0.0140625 0.046875
2 0.1921875 0.49765625 0.01875 0.0546875
3 0.61171875 0.41796875 0.0140625 0.046875
2 0.7734375 0.44375 0.015625 0.05625
2 0.19140625 0.6671875 0.0296875 0.0625
2 0.81328125 0.5265625 0.0171875 0.0640625
2 0.51640625 0.48359375 0.0203125 0.053125
3 0.9171875 0.928125 0.0359375 0.0890625
2 0.85078125 0.55390625 0.01875 0.0578125
0 0.20703125 0.6921875 0.0078125 0.0125
2 0.7859375 0.37109375 0.015625 0.0453125