2 0.240625 0.234375 0.015625 0.0421875
2 0.3546875 0.16875 0.0140625 0.0359375
2 0.54765625 0.16796875 0.0125 0.03125
1 0.1984375 0.2171875 0.0140625 0.0390625
2 0.65625 0.19921875 0.009375 0.0390625
2 0.4484375 0.1859375 0.0109375 0.040625
2 0.51171875 0.33359375 0.0125 0.0515625
2 0.48125 0.1984375 0.009375 0.0421875
2 0.72890625 0.20234375 0.0140625 0.040625
2 0.671875 0.2375 0.009375 0.04375
2 0.08984375 0.334375 0.0171875 0.0546875
2 0.30546875 0.49765625 0.0203125 0.0671875
3 0.6234375 0.23515625 0.009375 0.0453125
2 0.88046875 0.303125 0.0140625 0.0515625
2 0.74453125 0.3328125 0.0140625 0.053125
2 0.784375 0.4046875 0.0171875 0.05625
2 0.52265625 0.27265625 0.015625 0.05
2 0.4625 0.2953125 0.0140625 0.05
2 0.85703125 0.38125 0.015625 0.0609375
2 0.70546875 0.31484375 0.0140625 0.0515625
2 0.3921875 0.3921875 0.01875 0.059375
2 0.70234375 0.5140625 0.0171875 0.065625
3 0.8703125 0.9265625 0.0265625 0.1015625
0 0.2296875 0.24921875 0.0046875 0.009375
3 0.41484375 0.11796875 0.009375 0.0328125