3 0.5109375 0.115625 0.015625 0.034375
2 0.6234375 0.171875 0.0140625 0.0359375
2 0.81640625 0.27265625 0.021875 0.0453125
2 0.43046875 0.165625 0.0171875 0.04375
2 0.8671875 0.39765625 0.0265625 0.0625
2 0.2875 0.25859375 0.0234375 0.0515625
2 0.73359375 0.25625 0.01875 0.046875
2 0.54609375 0.2296875 0.01875 0.0421875
2 0.3953125 0.3015625 0.0296875 0.053125
2 0.53828125 0.2046875 0.01875 0.0421875
2 0.71953125 0.30390625 0.0203125 0.0484375
2 0.11796875 0.36484375 0.028125 0.0671875
3 0.675 0.26796875 0.0203125 0.046875
2 0.89453125 0.528125 0.0265625 0.0625
2 0.7765625 0.38671875 0.028125 0.0578125
2 0.52421875 0.38515625 0.025 0.0578125
2 0.56484375 0.3125 0.021875 0.0515625
2 0.80625 0.5671875 0.028125 0.0703125
2 0.23984375 0.56796875 0.0328125 0.078125
2 0.69609375 0.41015625 0.025 0.0578125
3 0.8125 0.96328125 0.05625 0.0734375
2 0.4546875 0.39921875 0.0234375 0.0609375
2 0.57109375 0.590625 0.03125 0.0796875
1 0.19921875 0.17265625 0.025 0.0546875
0 0.28359375 0.28515625 0.0078125 0.0125