2 0.6140625 0.36171875 0.0125 0.034375
2 0.621875 0.365625 0.009375 0.03125
2 0.43125 0.36796875 0.0125 0.028125
2 0.409375 0.36875 0.01875 0.03125
2 0.496875 0.3921875 0.015625 0.0375
2 0.328125 0.3921875 0.0140625 0.034375
2 0.5484375 0.44453125 0.0171875 0.053125
2 0.4578125 0.390625 0.0140625 0.040625
2 0.48359375 0.40625 0.0140625 0.0421875
2 0.84375 0.58046875 0.025 0.06875
1 0.0734375 0.43046875 0.0109375 0.04375
2 0.765625 0.45859375 0.0171875 0.0546875
2 0.7265625 0.4046875 0.0109375 0.0453125
2 0.2859375 0.440625 0.015625 0.046875
2 0.70078125 0.41015625 0.0171875 0.046875
2 0.79140625 0.509375 0.0203125 0.0640625
2 0.38125 0.4953125 0.0171875 0.05625
2 0.23125 0.55390625 0.0203125 0.0671875
2 0.71015625 0.7265625 0.0296875 0.0875
0 0.3484375 0.390625 0.0046875 0.009375
3 0.38203125 0.3546875 0.0109375 0.0359375
3 0.55 0.42578125 0.01875 0.0421875