0 0.7359375 0.60390625 0.0109375 0.015625
3 0.31484375 0.1703125 0.0125 0.04375
2 0.35234375 0.2015625 0.015625 0.053125
2 0.628125 0.29609375 0.0171875 0.05625
2 0.36953125 0.2671875 0.0328125 0.0625
2 0.68671875 0.29765625 0.01875 0.0578125
2 0.278125 0.2140625 0.015625 0.053125
2 0.2 0.2859375 0.025 0.0671875
2 0.928125 0.5515625 0.0296875 0.096875
2 0.64765625 0.4890625 0.0234375 0.0875
2 0.57265625 0.59296875 0.0296875 0.0890625
2 0.35234375 0.39375 0.028125 0.08125
2 0.3515625 0.34765625 0.025 0.0734375
2 0.853125 0.41484375 0.025 0.071875
2 0.571875 0.4984375 0.0296875 0.0921875
2 0.17109375 0.33828125 0.025 0.0734375
2 0.503125 0.33828125 0.0234375 0.06875
3 0.41171875 0.4171875 0.0296875 0.08125
2 0.65078125 0.40234375 0.03125 0.0734375
2 0.31015625 0.39453125 0.025 0.0828125
2 0.10859375 0.36484375 0.0296875 0.084375
2 0.63515625 0.59765625 0.046875 0.0953125
2 0.20390625 0.42890625 0.0453125 0.0921875