2 0.4375 0.40625 0.0125 0.0359375
2 0.484375 0.38359375 0.0171875 0.0375
3 0.31875 0.37578125 0.0140625 0.034375
2 0.371875 0.42734375 0.0140625 0.0359375
2 0.3625 0.42734375 0.0171875 0.0375
2 0.3984375 0.38359375 0.0140625 0.034375
2 0.56015625 0.39296875 0.0140625 0.0390625
2 0.5796875 0.39453125 0.0140625 0.040625
2 0.6671875 0.41796875 0.0171875 0.0484375
2 0.446875 0.42578125 0.0125 0.040625
2 0.684375 0.41171875 0.0171875 0.0453125
2 0.4640625 0.42421875 0.015625 0.0453125
3 0.5578125 0.43515625 0.0203125 0.05
2 0.80234375 0.50625 0.0234375 0.0625
2 0.55078125 0.46796875 0.021875 0.053125
2 0.89609375 0.5703125 0.021875 0.071875
2 0.44296875 0.5375 0.0171875 0.0609375
2 0.50078125 0.478125 0.0171875 0.05625
2 0.2171875 0.4984375 0.021875 0.05625
2 0.72109375 0.46484375 0.0171875 0.0609375
2 0.7125 0.7296875 0.034375 0.0890625
2 0.1796875 0.64140625 0.0265625 0.078125
0 0.35859375 0.4328125 0.00625 0.0109375