2 0.67578125 0.39609375 0.01875 0.0515625
2 0.4671875 0.36796875 0.0125 0.0390625
2 0.45546875 0.55234375 0.028125 0.0625
2 0.690625 0.421875 0.0203125 0.0453125
3 0.56015625 0.5125 0.0265625 0.065625
2 0.821875 0.6078125 0.034375 0.0828125
2 0.7078125 0.4359375 0.0234375 0.0515625
2 0.7375 0.61015625 0.0484375 0.0671875
2 0.2921875 0.49921875 0.0203125 0.0578125
2 0.52109375 0.67421875 0.0328125 0.090625
2 0.615625 0.65078125 0.03125 0.0828125
2 0.35 0.6015625 0.025 0.071875
2 0.459375 0.671875 0.028125 0.0875
2 0.22265625 0.70859375 0.0328125 0.096875
2 0.840625 0.7125 0.034375 0.0984375
2 0.55 0.5859375 0.0296875 0.0703125
2 0.7421875 0.72265625 0.0359375 0.090625
2 0.6375 0.6625 0.0359375 0.0890625
2 0.509375 0.703125 0.0328125 0.09375
2 0.42890625 0.559375 0.03125 0.0734375
2 0.55625 0.85703125 0.04375 0.1125
0 0.81796875 0.6109375 0.009375 0.015625
3 0.36953125 0.3453125 0.0109375 0.0328125