2 0.6859375 0.41484375 0.0140625 0.05
2 0.48125 0.365625 0.009375 0.0390625
2 0.45 0.546875 0.0234375 0.0625
2 0.69765625 0.4421875 0.015625 0.04375
3 0.55859375 0.51875 0.0203125 0.0640625
2 0.80859375 0.64140625 0.0265625 0.08125
2 0.71328125 0.45859375 0.01875 0.0515625
2 0.72421875 0.634375 0.04375 0.0640625
2 0.29296875 0.47734375 0.0140625 0.05625
2 0.503125 0.67578125 0.0234375 0.0890625
2 0.59921875 0.6625 0.0234375 0.08125
2 0.33984375 0.58515625 0.0171875 0.0703125
2 0.44140625 0.66640625 0.01875 0.0875
2 0.20234375 0.678125 0.0234375 0.096875
2 0.81640625 0.746875 0.025 0.0984375
2 0.540625 0.590625 0.0234375 0.0703125
2 0.71796875 0.746875 0.0265625 0.0890625
2 0.61953125 0.67578125 0.0265625 0.0875
2 0.48828125 0.703125 0.025 0.0921875
2 0.42265625 0.5515625 0.0234375 0.071875
2 0.51875 0.8609375 0.0328125 0.1109375
0 0.8046875 0.64375 0.0078125 0.0140625
3 0.38671875 0.33203125 0.0078125 0.0328125