2 0.5640625 0.409375 0.0109375 0.0265625
3 0.32890625 0.3609375 0.009375 0.0265625
2 0.5375 0.41640625 0.0109375 0.0375
2 0.58515625 0.4140625 0.0078125 0.0390625
2 0.5015625 0.39921875 0.009375 0.0375
2 0.56171875 0.44296875 0.0109375 0.05
2 0.434375 0.39453125 0.009375 0.0375
2 0.70546875 0.43828125 0.009375 0.0453125
1 0.01015625 0.43984375 0.0109375 0.053125
2 0.30703125 0.409375 0.009375 0.0453125
2 0.40859375 0.453125 0.015625 0.046875
2 0.66484375 0.79453125 0.025 0.09375
2 0.51171875 0.5765625 0.015625 0.0671875
2 0.48125 0.44765625 0.0109375 0.05
2 0.90859375 0.64609375 0.01875 0.0703125
2 0.61640625 0.496875 0.01875 0.0546875
2 0.684375 0.440625 0.015625 0.046875
3 0.59375 0.4546875 0.0125 0.05
2 0.81953125 0.5171875 0.01875 0.0578125
2 0.53046875 0.52890625 0.0140625 0.0578125
2 0.21796875 0.4703125 0.0125 0.0578125
2 0.846875 0.5640625 0.015625 0.0671875
2 0.10390625 0.64296875 0.0265625 0.0875
0 0.56015625 0.41171875 0.0046875 0.0078125