2 0.43125 0.4109375 0.015625 0.0359375
2 0.4765625 0.38515625 0.01875 0.0390625
3 0.3109375 0.3890625 0.015625 0.034375
2 0.3671875 0.4359375 0.0171875 0.0359375
2 0.3578125 0.43671875 0.0203125 0.0390625
2 0.390625 0.390625 0.0171875 0.034375
2 0.55234375 0.3890625 0.015625 0.040625
2 0.57265625 0.3890625 0.0171875 0.040625
2 0.6609375 0.40625 0.0203125 0.0484375
2 0.44140625 0.4296875 0.015625 0.0421875
2 0.678125 0.3984375 0.0203125 0.0453125
2 0.45859375 0.42734375 0.01875 0.0453125
3 0.553125 0.43125 0.0234375 0.0515625
2 0.80234375 0.48515625 0.0265625 0.0640625
2 0.5484375 0.46484375 0.025 0.053125
2 0.9 0.54296875 0.0265625 0.071875
2 0.4453125 0.54140625 0.021875 0.0609375
2 0.49921875 0.478125 0.0203125 0.05625
2 0.21796875 0.51796875 0.0265625 0.0578125
2 0.71796875 0.45 0.021875 0.0609375
2 0.728125 0.7140625 0.0390625 0.0890625
2 0.18984375 0.66328125 0.03125 0.078125
0 0.3546875 0.44296875 0.00625 0.0109375