1 0.81953125 0.30234375 0.0140625 0.028125
2 0.4359375 0.27578125 0.0078125 0.0296875
2 0.27734375 0.353125 0.0078125 0.03125
2 0.61171875 0.33203125 0.0109375 0.0390625
2 0.29921875 0.30625 0.0078125 0.0296875
2 0.27578125 0.37890625 0.009375 0.0390625
2 0.43984375 0.328125 0.0078125 0.0359375
1 0.01171875 0.41328125 0.0109375 0.0421875
2 0.68828125 0.26953125 0.009375 0.03125
2 0.7859375 0.37421875 0.0109375 0.0359375
2 0.5671875 0.4078125 0.009375 0.0390625
2 0.75390625 0.36953125 0.0109375 0.04375
2 0.259375 0.5640625 0.0140625 0.0515625
2 0.459375 0.3234375 0.009375 0.034375
2 0.2421875 0.68984375 0.0140625 0.059375
3 0.36640625 0.39921875 0.0109375 0.0421875
2 0.62109375 0.609375 0.021875 0.0609375
2 0.64296875 0.403125 0.0140625 0.0421875
2 0.25390625 0.44609375 0.009375 0.05
2 0.31953125 0.50546875 0.0140625 0.0515625
2 0.54921875 0.51640625 0.0140625 0.0515625
2 0.32578125 0.3078125 0.0078125 0.03125
3 0.30390625 0.25 0.0078125 0.0265625
0 0.78203125 0.33046875 0.0046875 0.0078125