2 0.64140625 0.296875 0.0234375 0.053125
3 0.0359375 0.28203125 0.0171875 0.040625
2 0.5015625 0.25390625 0.0203125 0.0484375
0 0.5546875 0.2984375 0.0078125 0.0109375
2 0.40703125 0.23046875 0.015625 0.034375
2 0.46953125 0.28671875 0.021875 0.05
2 0.34765625 0.328125 0.021875 0.0515625
2 0.509375 0.3953125 0.021875 0.0515625
2 0.23046875 0.278125 0.0140625 0.0453125
1 0.8484375 0.24375 0.0171875 0.0515625
2 0.1921875 0.2796875 0.0140625 0.0421875
3 0.459375 0.3171875 0.0171875 0.05
2 0.203125 0.334375 0.015625 0.05
2 0.43046875 0.23671875 0.0203125 0.040625
2 0.51640625 0.3015625 0.0203125 0.05
2 0.12890625 0.37109375 0.021875 0.05
2 0.0375 0.34453125 0.0171875 0.05
2 0.40390625 0.35546875 0.0234375 0.0515625
2 0.65390625 0.31875 0.01875 0.0578125
2 0.21796875 0.4 0.0203125 0.0578125
2 0.70546875 0.32734375 0.0203125 0.05625
2 0.27890625 0.35625 0.025 0.046875
2 0.084375 0.5328125 0.0296875 0.0671875
2 0.81875 0.61171875 0.0390625 0.078125