2 0.34140625 0.378125 0.0125 0.0390625
2 0.49765625 0.25546875 0.0125 0.0296875
2 0.37734375 0.275 0.0078125 0.0265625
2 0.39140625 0.259375 0.0109375 0.0265625
2 0.34140625 0.3578125 0.0140625 0.04375
2 0.46796875 0.2796875 0.0109375 0.028125
2 0.66328125 0.2390625 0.0125 0.03125
2 0.59375 0.2765625 0.0109375 0.034375
2 0.5421875 0.446875 0.0140625 0.0453125
2 0.68984375 0.3265625 0.015625 0.0421875
2 0.5265625 0.34296875 0.0140625 0.0375
1 0.8796875 0.2828125 0.0125 0.0359375
2 0.8890625 0.37578125 0.0171875 0.0453125
1 0.0703125 0.41484375 0.01875 0.040625
2 0.3453125 0.4671875 0.0140625 0.0453125
2 0.609375 0.315625 0.0171875 0.0390625
3 0.446875 0.35 0.0140625 0.0390625
2 0.41875 0.42109375 0.0140625 0.046875
2 0.34296875 0.6484375 0.0265625 0.0609375
2 0.77578125 0.5578125 0.021875 0.0625
0 0.65390625 0.25234375 0.0046875 0.0078125
3 0.35625 0.24375 0.0109375 0.028125
2 0.475 0.296875 0.0140625 0.0328125
2 0.3375 0.33671875 0.0125 0.03125
2 0.5734375 0.21875 0.0078125 0.025