3 0.11015625 0.38984375 0.015625 0.034375
2 0.55234375 0.38671875 0.01875 0.0375
1 0.71015625 0.2953125 0.0203125 0.0375
2 0.540625 0.39296875 0.0203125 0.0375
2 0.57890625 0.34140625 0.01875 0.0421875
2 0.56015625 0.34375 0.0171875 0.0375
3 0.57578125 0.37578125 0.0171875 0.0421875
2 0.61640625 0.37890625 0.01875 0.040625
2 0.178125 0.4953125 0.01875 0.046875
2 0.4953125 0.40859375 0.01875 0.0375
2 0.71015625 0.39375 0.0203125 0.0453125
2 0.29296875 0.409375 0.01875 0.0375
2 0.44765625 0.4640625 0.021875 0.0453125
2 0.74375 0.43515625 0.01875 0.046875
3 0.9875 0.52265625 0.025 0.0671875
2 0.3828125 0.4109375 0.0171875 0.0421875
2 0.67421875 0.446875 0.0203125 0.05
2 0.55546875 0.46640625 0.021875 0.046875
2 0.2046875 0.49609375 0.0203125 0.046875
2 0.30234375 0.575 0.025 0.0578125
2 0.49609375 0.52421875 0.021875 0.0578125
2 0.3328125 0.5796875 0.025 0.053125
2 0.54453125 0.35546875 0.0203125 0.04375