2 0.50390625 0.34140625 0.015625 0.04375
1 0.78046875 0.3859375 0.01875 0.0390625
2 0.51015625 0.33515625 0.015625 0.040625
3 0.1453125 0.2328125 0.0171875 0.0359375
2 0.15078125 0.32265625 0.015625 0.0453125
2 0.39921875 0.42734375 0.0203125 0.04375
2 0.16484375 0.44921875 0.0203125 0.05625
3 0.440625 0.3859375 0.0171875 0.0453125
2 0.54921875 0.3953125 0.0234375 0.040625
2 0.31328125 0.31875 0.0140625 0.0375
2 0.60390625 0.428125 0.0234375 0.0453125
2 0.171875 0.34453125 0.01875 0.0453125
2 0.27421875 0.30703125 0.0140625 0.040625
2 0.30546875 0.3671875 0.015625 0.040625
2 0.5640625 0.37578125 0.01875 0.0421875
2 0.57734375 0.47890625 0.015625 0.046875
2 0.6609375 0.503125 0.0171875 0.0453125
2 0.48046875 0.4640625 0.015625 0.040625
2 0.50390625 0.415625 0.01875 0.04375
2 0.18828125 0.4640625 0.01875 0.05
2 0.7328125 0.65703125 0.0234375 0.0625
2 0.37890625 0.496875 0.0203125 0.059375
3 0.8453125 0.7421875 0.0296875 0.0765625
0 0.3984375 0.44765625 0.00625 0.0109375
2 0.4359375 0.3859375 0.01875 0.04375