2 0.4453125 0.359375 0.0203125 0.0390625
2 0.4265625 0.30234375 0.0140625 0.0359375
2 0.51015625 0.2765625 0.0109375 0.0296875
2 0.31796875 0.3359375 0.0125 0.0390625
2 0.3515625 0.3953125 0.0140625 0.034375
2 0.2609375 0.42890625 0.0203125 0.046875
2 0.546875 0.30625 0.0140625 0.0421875
2 0.57109375 0.34296875 0.0171875 0.040625
2 0.46015625 0.43359375 0.01875 0.046875
2 0.31015625 0.334375 0.0140625 0.040625
2 0.3921875 0.353125 0.015625 0.0375
2 0.68671875 0.38671875 0.015625 0.05
3 0.4921875 0.36015625 0.015625 0.04375
2 0.246875 0.44765625 0.01875 0.0515625
2 0.2375 0.3765625 0.015625 0.040625
2 0.6390625 0.33359375 0.0171875 0.0453125
2 0.52109375 0.32109375 0.01875 0.040625
2 0.6140625 0.3296875 0.0140625 0.040625
2 0.2703125 0.51171875 0.0203125 0.0578125
2 0.53046875 0.390625 0.01875 0.04375
2 0.428125 0.5296875 0.025 0.059375
3 0.94765625 0.73203125 0.0359375 0.0859375
0 0.46171875 0.35859375 0.009375 0.0140625
3 0.2515625 0.27890625 0.0171875 0.0390625