3 0.2953125 0.27109375 0.0140625 0.03125
2 0.22109375 0.45234375 0.0171875 0.0453125
2 0.38671875 0.31875 0.0125 0.03125
2 0.5671875 0.29921875 0.015625 0.0390625
2 0.63203125 0.325 0.01875 0.040625
2 0.409375 0.3765625 0.015625 0.0390625
2 0.23671875 0.540625 0.0203125 0.046875
2 0.63359375 0.2640625 0.0125 0.0328125
2 0.58984375 0.30546875 0.01875 0.0359375
2 0.50390625 0.28671875 0.015625 0.034375
2 0.66171875 0.30078125 0.0140625 0.0375
2 0.39609375 0.3546875 0.01875 0.0390625
2 0.35625 0.303125 0.015625 0.0359375
2 0.76640625 0.3125 0.0171875 0.0453125
3 0.58046875 0.3515625 0.015625 0.046875
2 0.67734375 0.3734375 0.0203125 0.046875
2 0.47421875 0.49296875 0.021875 0.0609375
2 0.22109375 0.4984375 0.0234375 0.0578125
2 0.24609375 0.3671875 0.0171875 0.0421875
2 0.34296875 0.4296875 0.01875 0.046875
2 0.7640625 0.4078125 0.0203125 0.05625
2 0.41015625 0.5890625 0.0296875 0.0640625