2 0.640625 0.2484375 0.01875 0.0421875
2 0.5609375 0.21640625 0.015625 0.0296875
2 0.4484375 0.23828125 0.0171875 0.04375
2 0.54453125 0.2109375 0.0171875 0.0375
2 0.63203125 0.24609375 0.015625 0.0390625
2 0.6484375 0.24140625 0.0203125 0.0296875
2 0.35390625 0.19140625 0.0171875 0.0453125
3 0.3421875 0.171875 0.0171875 0.0375
2 0.325 0.234375 0.01875 0.0453125
2 0.5515625 0.2703125 0.0171875 0.04375
2 0.5046875 0.27109375 0.01875 0.0453125
2 0.8359375 0.48203125 0.025 0.0609375
2 0.6125 0.35390625 0.0234375 0.0515625
2 0.3984375 0.3171875 0.021875 0.0546875
2 0.7859375 0.40546875 0.025 0.0578125
2 0.22421875 0.41484375 0.0328125 0.0703125
2 0.81484375 0.45390625 0.025 0.059375
3 0.6734375 0.33828125 0.021875 0.0515625
2 0.634375 0.4671875 0.0296875 0.0625
2 0.19609375 0.909375 0.0359375 0.0671875
2 0.72890625 0.46640625 0.028125 0.0640625
2 0.61640625 0.759375 0.040625 0.0875
0 0.58359375 0.23203125 0.0078125 0.0109375
2 0.63671875 0.23125 0.0140625 0.034375