2 0.46171875 0.26015625 0.009375 0.0296875
2 0.240625 0.40859375 0.0140625 0.040625
2 0.38359375 0.31015625 0.0109375 0.03125
2 0.24765625 0.4078125 0.0140625 0.040625
2 0.42265625 0.3859375 0.0125 0.034375
2 0.2625 0.3484375 0.0109375 0.03125
2 0.725 0.44609375 0.01875 0.046875
1 0.0015625 0.4640625 0.003125 0.040625
2 0.44765625 0.359375 0.015625 0.0375
2 0.7984375 0.4046875 0.015625 0.0453125
2 0.29765625 0.3359375 0.0109375 0.0328125
2 0.26015625 0.64375 0.021875 0.05625
2 0.5734375 0.36015625 0.0140625 0.040625
3 0.98515625 0.60078125 0.0296875 0.0640625
2 0.57109375 0.50234375 0.0171875 0.05
3 0.34609375 0.4453125 0.0140625 0.04375
2 0.61953125 0.5375 0.01875 0.0515625
2 0.275 0.55234375 0.01875 0.0609375
2 0.296875 0.5734375 0.01875 0.0546875
2 0.6671875 0.28828125 0.0125 0.0375
2 0.6796875 0.46796875 0.01875 0.0546875
2 0.59765625 0.5546875 0.01875 0.0578125
2 0.19375 0.75390625 0.028125 0.0625
3 0.27265625 0.2765625 0.0109375 0.03125
1 0.89765625 0.31328125 0.01875 0.040625
0 0.79765625 0.421875 0.00625 0.0109375