2 0.55234375 0.1890625 0.009375 0.03125
2 0.59921875 0.18984375 0.009375 0.040625
2 0.24765625 0.2265625 0.009375 0.0453125
2 0.83125 0.3609375 0.025 0.0515625
2 0.6171875 0.2046875 0.0140625 0.04375
2 0.48359375 0.1984375 0.0078125 0.040625
2 0.446875 0.196875 0.009375 0.0484375
2 0.39296875 0.23671875 0.009375 0.04375
2 0.5109375 0.24296875 0.015625 0.034375
2 0.26875 0.26875 0.0125 0.0484375
2 0.53984375 0.24140625 0.01875 0.0453125
2 0.46171875 0.22890625 0.0125 0.04375
2 0.79296875 0.315625 0.0125 0.05625
2 0.5734375 0.31640625 0.0125 0.0515625
2 0.6375 0.40859375 0.0171875 0.0640625
2 0.84140625 0.37890625 0.021875 0.059375
2 0.35546875 0.3265625 0.015625 0.05625
2 0.19375 0.4390625 0.0203125 0.065625
3 0.60703125 0.290625 0.0125 0.053125
2 0.68828125 0.32421875 0.0140625 0.0546875
2 0.71875 0.690625 0.034375 0.09375
0 0.4609375 0.24609375 0.003125 0.0078125
3 0.246875 0.19140625 0.009375 0.04375