2 0.709375 0.36640625 0.0203125 0.0453125
2 0.70078125 0.36015625 0.015625 0.0359375
2 0.75234375 0.41484375 0.015625 0.0375
2 0.671875 0.36015625 0.0171875 0.0375
2 0.5921875 0.2953125 0.0171875 0.0328125
2 0.55390625 0.27109375 0.01875 0.03125
2 0.7078125 0.4125 0.021875 0.0484375
2 0.64609375 0.35625 0.01875 0.0359375
2 0.3875 0.29921875 0.0203125 0.04375
2 0.59375 0.36328125 0.0203125 0.04375
3 0.10078125 0.1875 0.0203125 0.040625
3 0.56640625 0.34296875 0.0203125 0.04375
2 0.22265625 0.31015625 0.025 0.0515625
2 0.39609375 0.4375 0.0265625 0.0578125
2 0.47890625 0.37421875 0.021875 0.0484375
2 0.4328125 0.45078125 0.0234375 0.05625
2 0.66171875 0.3015625 0.0171875 0.034375
2 0.6671875 0.30625 0.0171875 0.0328125
2 0.71328125 0.40234375 0.0203125 0.040625
1 0.76015625 0.38203125 0.01875 0.04375
2 0.7578125 0.40546875 0.0171875 0.0390625
0 0.559375 0.28125 0.00625 0.0078125
2 0.390625 0.28046875 0.021875 0.040625