1 0.7328125 0.26796875 0.015625 0.03125
1 0.003125 0.48984375 0.00625 0.0421875
2 0.26171875 0.40546875 0.0140625 0.0390625
2 0.3984375 0.33203125 0.0125 0.0328125
2 0.27734375 0.328125 0.0109375 0.0296875
2 0.259375 0.4390625 0.015625 0.0421875
2 0.4171875 0.28046875 0.0125 0.0296875
2 0.55390625 0.30234375 0.0125 0.0359375
2 0.290625 0.32734375 0.0109375 0.0296875
2 0.2625 0.553125 0.0171875 0.0484375
2 0.6359375 0.2359375 0.0125 0.0296875
2 0.5234375 0.37109375 0.015625 0.0390625
2 0.796875 0.346875 0.0203125 0.0421875
2 0.66875 0.32890625 0.015625 0.0390625
2 0.59921875 0.36171875 0.015625 0.040625
2 0.3265625 0.496875 0.0203125 0.05
3 0.3625 0.39765625 0.0140625 0.0390625
2 0.315625 0.6984375 0.025 0.0578125
2 0.646875 0.5859375 0.028125 0.0625
2 0.52421875 0.50390625 0.0203125 0.0515625
3 0.2625 0.28359375 0.015625 0.0359375
2 0.26171875 0.390625 0.0140625 0.0390625
2 0.5015625 0.23125 0.0125 0.03125
2 0.39765625 0.31640625 0.0140625 0.0359375
0 0.728125 0.28125 0.0046875 0.009375