1 0.78515625 0.2546875 0.0171875 0.0296875
2 0.4015625 0.28828125 0.0125 0.0296875
2 0.25703125 0.38984375 0.0125 0.03125
2 0.58359375 0.31640625 0.0171875 0.0390625
2 0.271875 0.33984375 0.0125 0.0296875
2 0.26015625 0.415625 0.015625 0.040625
2 0.4140625 0.3390625 0.0125 0.0359375
1 0.00625 0.48984375 0.0125 0.0421875
2 0.65 0.24296875 0.0140625 0.03125
2 0.7625 0.33125 0.015625 0.0359375
2 0.5515625 0.3984375 0.015625 0.040625
2 0.73046875 0.33125 0.0171875 0.04375
2 0.271875 0.60078125 0.021875 0.053125
2 0.43203125 0.33203125 0.015625 0.0359375
2 0.275 0.72734375 0.0234375 0.059375
3 0.35234375 0.42109375 0.0171875 0.0421875
2 0.63671875 0.5890625 0.03125 0.0640625
2 0.62578125 0.38125 0.0203125 0.04375
2 0.2484375 0.48515625 0.0171875 0.05
2 0.32265625 0.53359375 0.021875 0.0515625
2 0.55078125 0.50859375 0.021875 0.053125
2 0.29765625 0.33671875 0.0125 0.03125
3 0.2671875 0.28359375 0.0109375 0.0265625
0 0.7515625 0.2890625 0.0046875 0.0078125