2 0.45703125 0.253125 0.0125 0.028125
2 0.49296875 0.4515625 0.015625 0.0453125
2 0.4515625 0.29375 0.0125 0.028125
2 0.36171875 0.26640625 0.0125 0.028125
3 0.578125 0.728125 0.03125 0.0828125
2 0.55390625 0.27421875 0.0140625 0.0359375
2 0.34609375 0.28125 0.0125 0.0265625
2 0.5203125 0.2984375 0.015625 0.0375
2 0.60390625 0.3359375 0.0140625 0.0390625
2 0.3109375 0.34609375 0.0140625 0.0359375
1 0.85390625 0.2625 0.0171875 0.0375
2 0.65078125 0.2453125 0.0140625 0.0328125
2 0.30703125 0.47265625 0.0171875 0.0453125
3 0.39453125 0.36640625 0.015625 0.0390625
2 0.51953125 0.346875 0.015625 0.0390625
2 0.296875 0.40625 0.015625 0.0421875
1 0.03828125 0.45390625 0.0203125 0.0453125
2 0.37421875 0.421875 0.0171875 0.0453125
2 0.45078125 0.35390625 0.015625 0.0375
2 0.303125 0.3890625 0.0171875 0.0390625
2 0.815625 0.3390625 0.015625 0.0453125
2 0.66328125 0.675 0.0296875 0.071875
2 0.3796875 0.56328125 0.025 0.053125
3 0.315625 0.25546875 0.015625 0.0375
2 0.51015625 0.221875 0.015625 0.0375
0 0.64609375 0.26328125 0.00625 0.009375