2 0.58984375 0.2265625 0.0109375 0.0421875
2 0.50546875 0.21015625 0.0109375 0.028125
2 0.39921875 0.253125 0.0078125 0.04375
2 0.48828125 0.2078125 0.009375 0.0375
2 0.58046875 0.225 0.009375 0.0390625
2 0.596875 0.21796875 0.015625 0.028125
2 0.29765625 0.225 0.0078125 0.0453125
3 0.2828125 0.2078125 0.009375 0.0375
2 0.27734375 0.27265625 0.009375 0.0453125
2 0.50703125 0.26484375 0.009375 0.04375
2 0.4609375 0.27421875 0.0109375 0.0453125
2 0.8265625 0.41875 0.0140625 0.059375
2 0.58203125 0.33515625 0.0140625 0.05
2 0.365625 0.33984375 0.0125 0.0546875
2 0.7625 0.353125 0.0140625 0.0578125
2 0.2125 0.46875 0.0203125 0.06875
2 0.8 0.39453125 0.0140625 0.059375
3 0.63984375 0.3078125 0.0125 0.05
2 0.62578125 0.4421875 0.01875 0.0609375
2 0.2796875 0.96015625 0.025 0.0640625
2 0.71875 0.4234375 0.0171875 0.0625
2 0.6640625 0.7328125 0.025 0.084375
0 0.53046875 0.22109375 0.00625 0.0109375
2 0.5828125 0.209375 0.0078125 0.034375