2 0.38359375 0.315625 0.0140625 0.0390625
1 0.134375 0.35703125 0.0140625 0.0390625
2 0.409375 0.51875 0.0234375 0.059375
2 0.78828125 0.315625 0.0125 0.0359375
2 0.23359375 0.46640625 0.0125 0.05
2 0.66796875 0.28359375 0.0109375 0.0328125
2 0.7984375 0.32578125 0.0109375 0.0421875
2 0.69375 0.38984375 0.01875 0.0453125
2 0.31796875 0.33515625 0.0109375 0.0390625
2 0.784375 0.57109375 0.01875 0.0625
3 0.490625 0.45078125 0.021875 0.04375
2 0.64609375 0.4421875 0.015625 0.0546875
2 0.63359375 0.30390625 0.0125 0.0390625
2 0.4421875 0.51640625 0.015625 0.05
2 0.3875 0.39375 0.0125 0.0453125
2 0.28125 0.42578125 0.0140625 0.0484375
2 0.35546875 0.625 0.0203125 0.065625
2 0.48359375 0.49296875 0.01875 0.05
2 0.81328125 0.43828125 0.01875 0.0546875
2 0.31015625 0.6140625 0.034375 0.05625
2 0.22109375 0.4984375 0.0171875 0.0578125
3 0.95625 0.8109375 0.0359375 0.090625
3 0.4015625 0.21328125 0.0109375 0.03125
2 0.40390625 0.5078125 0.0265625 0.0515625
0 0.43984375 0.5484375 0.00625 0.0109375