3 0.39921875 0.24140625 0.0125 0.0359375
2 0.84609375 0.259375 0.015625 0.040625
2 0.71484375 0.22421875 0.0171875 0.0359375
2 0.86171875 0.2890625 0.021875 0.0546875
2 0.86328125 0.2609375 0.01875 0.04375
2 0.50703125 0.25625 0.015625 0.0375
2 0.74765625 0.24140625 0.021875 0.04375
2 0.653125 0.28828125 0.021875 0.0515625
2 0.59375 0.2765625 0.0171875 0.0484375
2 0.71328125 0.30546875 0.01875 0.05
2 0.58125 0.27890625 0.0203125 0.046875
3 0.6796875 0.309375 0.01875 0.0515625
2 0.440625 0.340625 0.01875 0.0515625
2 0.45234375 0.3078125 0.015625 0.046875
2 0.8546875 0.375 0.025 0.06875
2 0.34140625 0.32578125 0.0171875 0.046875
2 0.56015625 0.40625 0.025 0.0578125
1 0.07421875 0.3890625 0.021875 0.053125
2 0.69375 0.3640625 0.025 0.0578125
2 0.2640625 0.453125 0.028125 0.059375
2 0.8328125 0.43984375 0.0390625 0.0734375
2 0.790625 0.4125 0.0328125 0.071875
2 0.4375 0.6140625 0.040625 0.1
0 0.275 0.47890625 0.0078125 0.0125