2 0.5046875 0.24140625 0.0140625 0.0328125
2 0.5640625 0.27109375 0.0140625 0.0390625
2 0.31328125 0.3171875 0.0203125 0.0421875
2 0.61171875 0.30078125 0.0171875 0.05
2 0.3671875 0.3375 0.0203125 0.0484375
2 0.45859375 0.33671875 0.01875 0.05
3 0.50078125 0.35703125 0.0203125 0.0546875
0 0.38671875 0.64765625 0.009375 0.015625
2 0.7484375 0.38515625 0.0296875 0.05625
2 0.51875 0.51875 0.0234375 0.05625
2 0.6421875 0.3359375 0.028125 0.0609375
2 0.2953125 0.521875 0.0296875 0.071875
2 0.55546875 0.3765625 0.025 0.0625
2 0.10078125 0.6140625 0.0390625 0.078125
2 0.284375 0.51953125 0.0265625 0.0734375
2 0.4921875 0.671875 0.0359375 0.1015625
2 0.5703125 0.44140625 0.0328125 0.0546875
1 0.91171875 0.25546875 0.025 0.053125
2 0.58046875 0.37578125 0.0265625 0.0609375
2 0.1625 0.4046875 0.025 0.05625
2 0.75 0.471875 0.0359375 0.0703125
2 0.72734375 0.496875 0.034375 0.0828125
3 0.18984375 0.2953125 0.0171875 0.0421875