3 0.26328125 0.1890625 0.0171875 0.046875
2 0.3734375 0.2609375 0.0234375 0.0421875
2 0.34453125 0.253125 0.0203125 0.0453125
2 0.503125 0.2296875 0.01875 0.0421875
2 0.63828125 0.2625 0.015625 0.046875
2 0.4046875 0.221875 0.021875 0.040625
2 0.58203125 0.27890625 0.0203125 0.05
2 0.6625 0.26640625 0.0203125 0.04375
2 0.78125 0.4453125 0.028125 0.0640625
2 0.39140625 0.2609375 0.01875 0.05
2 0.70234375 0.3265625 0.01875 0.05625
2 0.6171875 0.275 0.0171875 0.0515625
3 0.4484375 0.31015625 0.021875 0.0578125
2 0.359375 0.290625 0.021875 0.0515625
2 0.55390625 0.290625 0.021875 0.0515625
2 0.20234375 0.32890625 0.0296875 0.059375
2 0.4875 0.2984375 0.0234375 0.05625
2 0.4671875 0.30625 0.021875 0.0546875
2 0.28828125 0.39375 0.0359375 0.071875
2 0.2625 0.40546875 0.0328125 0.06875
2 0.3578125 0.2515625 0.0234375 0.04375
2 0.36953125 0.2421875 0.01875 0.0421875