2 0.565625 0.31484375 0.01875 0.0453125
2 0.64765625 0.3125 0.015625 0.0390625
2 0.62421875 0.2859375 0.015625 0.0375
2 0.49453125 0.3 0.0203125 0.046875
0 0.36875 0.628125 0.0125 0.0171875
2 0.3703125 0.23359375 0.0171875 0.0375
2 0.54765625 0.34296875 0.01875 0.0484375
2 0.71484375 0.40234375 0.0265625 0.05625
3 0.59921875 0.36171875 0.0203125 0.05
2 0.7625 0.5140625 0.0265625 0.053125
2 0.64140625 0.4953125 0.0234375 0.0484375
2 0.68984375 0.378125 0.028125 0.053125
2 0.34296875 0.3515625 0.025 0.0609375
1 0.96640625 0.43125 0.025 0.053125
2 0.78046875 0.58984375 0.0328125 0.0609375
2 0.45625 0.48671875 0.028125 0.0671875
2 0.59375 0.4546875 0.034375 0.059375
2 0.41875 0.37734375 0.0328125 0.0625
2 0.70703125 0.60859375 0.0328125 0.0703125
2 0.2609375 0.29453125 0.0234375 0.0546875
2 0.17421875 0.43125 0.0328125 0.071875
3 0.9046875 0.76796875 0.0515625 0.0984375
2 0.45078125 0.65859375 0.0546875 0.0875
3 0.33359375 0.19375 0.0171875 0.0421875
2 0.66484375 0.3453125 0.021875 0.046875