3 0.340625 0.23984375 0.015625 0.0390625
0 0.34765625 0.5859375 0.0078125 0.0125
2 0.4125 0.28515625 0.0140625 0.040625
2 0.69296875 0.35234375 0.0171875 0.05
2 0.4828125 0.32890625 0.0171875 0.0484375
2 0.66640625 0.32421875 0.01875 0.0453125
3 0.9421875 0.8765625 0.03125 0.0953125
2 0.51875 0.3390625 0.01875 0.0515625
3 0.584375 0.41640625 0.0171875 0.05625
2 0.81328125 0.734375 0.028125 0.096875
2 0.7140625 0.3953125 0.0203125 0.0515625
2 0.7 0.40546875 0.021875 0.0578125
2 0.75 0.43203125 0.0234375 0.0640625
2 0.6265625 0.528125 0.0234375 0.0609375
2 0.61640625 0.46796875 0.025 0.0671875
2 0.27421875 0.3140625 0.0203125 0.0546875
2 0.56484375 0.41875 0.025 0.0671875
2 0.784375 0.52890625 0.025 0.0734375
2 0.4671875 0.625 0.0296875 0.090625
2 0.084375 0.49765625 0.0296875 0.08125
2 0.75546875 0.8171875 0.0421875 0.109375
2 0.32734375 0.66171875 0.034375 0.090625
2 0.33984375 0.45390625 0.0265625 0.071875
2 0.30390625 0.4109375 0.021875 0.0625