3 0.2421875 0.20625 0.0140625 0.046875
2 0.35703125 0.2703125 0.021875 0.0421875
2 0.32734375 0.26484375 0.0171875 0.0453125
2 0.484375 0.23046875 0.015625 0.0421875
2 0.62109375 0.253125 0.0140625 0.0453125
2 0.3859375 0.22890625 0.01875 0.040625
2 0.56640625 0.2734375 0.0171875 0.05
2 0.64609375 0.25546875 0.0171875 0.04375
2 0.77734375 0.42578125 0.0234375 0.0625
2 0.375 0.26875 0.015625 0.05
2 0.68984375 0.3125 0.0140625 0.05625
2 0.60078125 0.2671875 0.0140625 0.05
3 0.43515625 0.3140625 0.01875 0.0578125
2 0.34453125 0.30078125 0.01875 0.0515625
2 0.5390625 0.2875 0.01875 0.0515625
2 0.190625 0.35 0.0265625 0.0578125
2 0.4734375 0.3 0.01875 0.0546875
2 0.45390625 0.309375 0.0171875 0.0546875
2 0.28125 0.40859375 0.03125 0.0703125
2 0.25625 0.421875 0.028125 0.06875
2 0.340625 0.26171875 0.0203125 0.0421875
2 0.3515625 0.2515625 0.015625 0.0421875