0 0.20703125 0.509375 0.00625 0.0109375
2 0.65390625 0.30234375 0.009375 0.04375
3 0.2953125 0.2515625 0.0125 0.0359375
2 0.65078125 0.2625 0.009375 0.040625
2 0.55234375 0.32421875 0.0109375 0.053125
2 0.7890625 0.50703125 0.0125 0.0734375
2 0.55703125 0.3359375 0.009375 0.05
2 0.4546875 0.278125 0.0109375 0.0453125
2 0.69921875 0.346875 0.0109375 0.0546875
2 0.63515625 0.36640625 0.0125 0.0546875
2 0.6140625 0.37578125 0.0140625 0.059375
2 0.6734375 0.36875 0.0125 0.0625
2 0.1734375 0.48515625 0.03125 0.0671875
3 0.58984375 0.4078125 0.0140625 0.0609375
2 0.75859375 0.45078125 0.0171875 0.0671875
2 0.4328125 0.453125 0.015625 0.071875
2 0.31484375 0.33984375 0.015625 0.05625
2 0.628125 0.4609375 0.015625 0.0640625
2 0.78046875 0.51796875 0.0171875 0.075
2 0.80703125 0.440625 0.01875 0.0703125
2 0.5046875 0.43828125 0.015625 0.071875
2 0.5421875 0.5421875 0.0171875 0.0859375
2 0.28671875 0.71875 0.028125 0.1078125