1 0.12890625 0.45625 0.0171875 0.0390625
2 0.7359375 0.35 0.0171875 0.0453125
0 0.26953125 0.628125 0.0078125 0.0109375
2 0.29921875 0.3890625 0.015625 0.0375
2 0.4265625 0.42734375 0.0171875 0.0453125
2 0.5921875 0.35546875 0.0140625 0.0390625
2 0.8265625 0.42109375 0.021875 0.0546875
2 0.3484375 0.4109375 0.0171875 0.0453125
3 0.55 0.41796875 0.0171875 0.04375
2 0.6671875 0.4125 0.0171875 0.0515625
2 0.37109375 0.509375 0.0234375 0.0546875
2 0.515625 0.3828125 0.015625 0.0421875
2 0.76640625 0.43828125 0.021875 0.0578125
2 0.865625 0.4765625 0.021875 0.065625
2 0.44453125 0.54375 0.025 0.0578125
2 0.7328125 0.578125 0.028125 0.071875
2 0.22265625 0.58984375 0.021875 0.0578125
2 0.83984375 0.4421875 0.025 0.0609375
2 0.59296875 0.509375 0.021875 0.0625
2 0.634375 0.5703125 0.021875 0.0703125
2 0.39921875 0.6375 0.0265625 0.071875
2 0.3609375 0.6671875 0.0265625 0.071875
3 0.9828125 0.6921875 0.034375 0.09375
2 0.4921875 0.315625 0.0140625 0.03125
3 0.38671875 0.31484375 0.0125 0.028125