2 0.4328125 0.35 0.015625 0.0421875
2 0.80078125 0.3171875 0.0125 0.0390625
2 0.3203125 0.3 0.0171875 0.0328125
2 0.76875 0.29453125 0.0140625 0.0453125
2 0.32734375 0.32734375 0.0125 0.04375
2 0.80390625 0.35625 0.015625 0.0578125
2 0.44375 0.2703125 0.0109375 0.0359375
2 0.434375 0.36953125 0.0171875 0.0625
2 0.47265625 0.30078125 0.0125 0.046875
2 0.45546875 0.28359375 0.0125 0.040625
2 0.71171875 0.27578125 0.0109375 0.0390625
2 0.7921875 0.33984375 0.0171875 0.0625
1 0.08359375 0.38046875 0.015625 0.0515625
2 0.48671875 0.309375 0.0125 0.0484375
3 0.5953125 0.340625 0.0140625 0.0515625
2 0.615625 0.37265625 0.015625 0.05
2 0.86328125 0.50390625 0.021875 0.0765625
2 0.12109375 0.4515625 0.0171875 0.0625
2 0.6984375 0.35 0.0171875 0.05625
3 0.959375 0.84453125 0.0390625 0.13125
2 0.36171875 0.6125 0.034375 0.1125
2 0.86796875 0.73203125 0.034375 0.1140625
3 0.34453125 0.2703125 0.0125 0.0390625