2 0.6765625 0.28984375 0.0109375 0.040625
2 0.66328125 0.30625 0.0171875 0.0421875
3 0.63828125 0.3171875 0.009375 0.0484375
2 0.7 0.3109375 0.0140625 0.04375
2 0.7640625 0.3421875 0.0171875 0.05
2 0.6203125 0.328125 0.0125 0.05
2 0.5765625 0.28828125 0.0140625 0.04375
2 0.715625 0.3359375 0.0140625 0.05
2 0.33828125 0.359375 0.0125 0.0515625
2 0.65703125 0.35703125 0.0171875 0.0515625
2 0.45546875 0.29765625 0.009375 0.0421875
2 0.48671875 0.33984375 0.0109375 0.0484375
2 0.77890625 0.35859375 0.01875 0.046875
2 0.60234375 0.42265625 0.0171875 0.0609375
2 0.2375 0.403125 0.01875 0.059375
2 0.4359375 0.77109375 0.028125 0.1046875
2 0.25234375 0.446875 0.015625 0.0625
2 0.28984375 0.471875 0.0234375 0.0640625
2 0.39765625 0.78125 0.0265625 0.10625
2 0.62265625 0.53515625 0.028125 0.075
2 0.7640625 0.46015625 0.0203125 0.0640625
2 0.82265625 0.37890625 0.01875 0.0546875
3 0.28984375 0.26640625 0.0125 0.0375
2 0.59921875 0.24921875 0.0109375 0.040625
0 0.7125 0.3546875 0.0046875 0.0109375