2 0.81328125 0.42734375 0.0140625 0.040625
2 0.38046875 0.325 0.0109375 0.034375
2 0.40546875 0.36171875 0.0171875 0.040625
2 0.8328125 0.4953125 0.01875 0.05
3 0.575 0.42109375 0.015625 0.046875
2 0.51875 0.38828125 0.0140625 0.0421875
2 0.69296875 0.42421875 0.0140625 0.0421875
2 0.85078125 0.5609375 0.0234375 0.0625
2 0.5609375 0.37109375 0.0125 0.0390625
2 0.809375 0.48984375 0.0171875 0.046875
2 0.4078125 0.475 0.01875 0.05
2 0.66328125 0.3875 0.0125 0.0390625
2 0.21171875 0.43125 0.0203125 0.053125
2 0.83203125 0.5640625 0.0265625 0.0625
2 0.60703125 0.48359375 0.0203125 0.0546875
2 0.44140625 0.4265625 0.015625 0.046875
2 0.29921875 0.6078125 0.0265625 0.0703125
2 0.36328125 0.50078125 0.0265625 0.0578125
3 0.865625 0.825 0.0421875 0.096875
2 0.70390625 0.60546875 0.021875 0.0671875
2 0.62890625 0.56796875 0.0171875 0.065625
1 0.22109375 0.3421875 0.0171875 0.04375
0 0.21171875 0.4546875 0.00625 0.009375
3 0.46484375 0.28984375 0.0109375 0.028125
2 0.57265625 0.3234375 0.0125 0.03125