2 0.615625 0.41875 0.0125 0.04375
2 0.51328125 0.38984375 0.009375 0.040625
2 0.30703125 0.384375 0.0125 0.0390625
2 0.63046875 0.4 0.0125 0.040625
2 0.71171875 0.38125 0.00625 0.04375
3 0.50390625 0.40859375 0.0109375 0.040625
1 0.15234375 0.3828125 0.0125 0.040625
2 0.40546875 0.4109375 0.0109375 0.04375
2 0.59609375 0.5140625 0.0125 0.0609375
2 0.77578125 0.44296875 0.009375 0.05
2 0.22890625 0.46484375 0.009375 0.05
2 0.31484375 0.42578125 0.009375 0.0484375
2 0.73125 0.48046875 0.009375 0.05625
2 0.7453125 0.4765625 0.0109375 0.05625
2 0.5453125 0.4578125 0.0125 0.05
2 0.50234375 0.46953125 0.0125 0.05
2 0.5734375 0.72734375 0.021875 0.078125
2 0.228125 0.5140625 0.0109375 0.05625
3 0.96015625 0.74140625 0.025 0.0859375
2 0.70703125 0.5734375 0.01875 0.065625
2 0.3453125 0.53671875 0.009375 0.053125
2 0.63359375 0.71875 0.01875 0.0875
2 0.478125 0.61796875 0.015625 0.06875
2 0.6046875 0.5078125 0.015625 0.0359375
2 0.5453125 0.32109375 0.009375 0.0328125
3 0.4109375 0.29921875 0.00625 0.025
0 0.30703125 0.4015625 0.00625 0.0078125