1 0.14609375 0.3796875 0.0125 0.0390625
2 0.76171875 0.40234375 0.0125 0.04375
0 0.24765625 0.57734375 0.00625 0.009375
2 0.3265625 0.34921875 0.0109375 0.0375
2 0.44375 0.41328125 0.0125 0.0453125
2 0.61953125 0.378125 0.0109375 0.0390625
2 0.8359375 0.490625 0.015625 0.053125
2 0.3703125 0.38125 0.0125 0.0453125
3 0.56640625 0.4296875 0.0125 0.04375
2 0.68203125 0.44921875 0.0125 0.05
2 0.371875 0.48203125 0.01875 0.053125
2 0.53984375 0.38828125 0.0109375 0.0421875
2 0.7734375 0.49453125 0.015625 0.05625
2 0.8625 0.553125 0.015625 0.0640625
2 0.43671875 0.53125 0.01875 0.05625
2 0.71171875 0.62421875 0.021875 0.0703125
2 0.209375 0.53046875 0.015625 0.0578125
2 0.84453125 0.5140625 0.01875 0.059375
2 0.5890625 0.52890625 0.015625 0.0609375
2 0.6171875 0.596875 0.0140625 0.0703125
2 0.37265625 0.6140625 0.0203125 0.0703125
2 0.3296875 0.63515625 0.01875 0.0703125
3 0.93671875 0.78984375 0.034375 0.090625
2 0.53046875 0.31796875 0.0109375 0.03125
3 0.428125 0.2953125 0.009375 0.028125