2 0.69375 0.30625 0.0109375 0.040625
2 0.6796875 0.32109375 0.0171875 0.0421875
3 0.65390625 0.3296875 0.009375 0.0484375
2 0.715625 0.32890625 0.015625 0.04375
2 0.7765625 0.365625 0.0171875 0.05
2 0.63515625 0.33984375 0.0125 0.05
2 0.59453125 0.29609375 0.015625 0.04375
2 0.72890625 0.35546875 0.015625 0.05
2 0.35078125 0.34609375 0.0125 0.0515625
2 0.66875 0.37109375 0.01875 0.0515625
2 0.4734375 0.29453125 0.009375 0.0421875
2 0.50078125 0.33984375 0.0109375 0.0484375
2 0.78984375 0.38359375 0.01875 0.046875
2 0.60859375 0.43203125 0.01875 0.0609375
2 0.24765625 0.38046875 0.01875 0.059375
2 0.4125 0.76484375 0.0296875 0.1046875
2 0.25859375 0.42578125 0.0171875 0.0625
2 0.29296875 0.45390625 0.025 0.0640625
2 0.37421875 0.77109375 0.028125 0.1078125
2 0.61875 0.5453125 0.0296875 0.075
2 0.7671875 0.48359375 0.021875 0.0640625
2 0.83203125 0.4078125 0.0203125 0.0546875
3 0.3109375 0.24921875 0.0125 0.0375
2 0.6203125 0.259375 0.0125 0.040625
0 0.72421875 0.37421875 0.0046875 0.0109375