2 0.28984375 0.3 0.0171875 0.0359375
2 0.51484375 0.26328125 0.0171875 0.0359375
2 0.515625 0.30703125 0.015625 0.0421875
2 0.46484375 0.28671875 0.0171875 0.04375
2 0.49453125 0.3671875 0.0171875 0.0421875
2 0.275 0.37109375 0.0171875 0.040625
2 0.38359375 0.303125 0.0171875 0.04375
2 0.45703125 0.31171875 0.0203125 0.0484375
2 0.51796875 0.246875 0.0140625 0.0359375
2 0.5609375 0.271875 0.015625 0.040625
2 0.36171875 0.4125 0.0203125 0.046875
2 0.33359375 0.38515625 0.01875 0.0515625
1 0.88359375 0.24375 0.021875 0.0515625
2 0.60078125 0.29453125 0.0203125 0.046875
2 0.64765625 0.2921875 0.0203125 0.0515625
2 0.5203125 0.4109375 0.0203125 0.0609375
2 0.228125 0.38359375 0.021875 0.0515625
2 0.6171875 0.36171875 0.0234375 0.0578125
2 0.721875 0.4328125 0.028125 0.0671875
2 0.178125 0.515625 0.025 0.0671875
2 0.890625 0.54375 0.0328125 0.0921875
3 0.9328125 0.60390625 0.040625 0.0984375
2 0.41953125 0.61953125 0.0375 0.090625
0 0.2375 0.403125 0.00625 0.009375
3 0.2359375 0.28828125 0.015625 0.0390625