2 0.30859375 0.28203125 0.0140625 0.0359375
2 0.53515625 0.265625 0.0140625 0.0359375
2 0.5328125 0.30859375 0.0125 0.040625
2 0.48359375 0.284375 0.0125 0.04375
2 0.50625 0.3671875 0.0140625 0.0421875
2 0.2875 0.3515625 0.0140625 0.040625
2 0.4015625 0.29375 0.0125 0.04375
2 0.4734375 0.30859375 0.0171875 0.0484375
2 0.53984375 0.24921875 0.0109375 0.0359375
2 0.58046875 0.278125 0.0125 0.040625
2 0.3703125 0.40078125 0.015625 0.046875
2 0.34453125 0.37109375 0.0140625 0.0515625
1 0.9046875 0.278125 0.01875 0.05
2 0.61875 0.30390625 0.015625 0.046875
2 0.66484375 0.30625 0.015625 0.0515625
2 0.528125 0.41328125 0.0140625 0.0609375
2 0.2390625 0.36015625 0.01875 0.0515625
2 0.62890625 0.37265625 0.01875 0.0578125
2 0.7265625 0.45234375 0.021875 0.065625
2 0.178125 0.4875 0.0203125 0.0671875
2 0.88515625 0.57734375 0.0265625 0.0921875
3 0.921875 0.64140625 0.0328125 0.0984375
2 0.409375 0.6125 0.0296875 0.090625
0 0.246875 0.38046875 0.00625 0.009375
3 0.25546875 0.265625 0.0125 0.0390625