3 0.30234375 0.26796875 0.0109375 0.0375
0 0.3625 0.60859375 0.00625 0.0125
2 0.38046875 0.3015625 0.009375 0.040625
2 0.6671875 0.3234375 0.0109375 0.0484375
2 0.45625 0.33359375 0.0109375 0.046875
2 0.6375 0.3 0.0125 0.04375
3 0.99296875 0.8015625 0.0140625 0.09375
2 0.49296875 0.33828125 0.0140625 0.0515625
3 0.5703125 0.40390625 0.0109375 0.05625
2 0.84609375 0.68203125 0.0171875 0.096875
2 0.6953125 0.36328125 0.015625 0.05
2 0.6828125 0.37578125 0.015625 0.0578125
2 0.73671875 0.39375 0.0171875 0.0625
2 0.62890625 0.5078125 0.015625 0.059375
2 0.61015625 0.45078125 0.0171875 0.065625
2 0.2484375 0.3515625 0.0140625 0.0546875
2 0.5515625 0.409375 0.0171875 0.065625
2 0.7859375 0.484375 0.015625 0.071875
2 0.4875 0.628125 0.01875 0.090625
2 0.0890625 0.5625 0.0203125 0.0796875
2 0.8015625 0.7734375 0.0296875 0.1078125
2 0.3546875 0.68671875 0.0234375 0.0890625
2 0.33515625 0.4796875 0.0171875 0.0703125
2 0.29296875 0.44296875 0.0140625 0.0609375