2 0.42109375 0.2921875 0.015625 0.0375
2 0.54765625 0.33828125 0.015625 0.0515625
2 0.56171875 0.275 0.0140625 0.040625
2 0.5796875 0.2875 0.0140625 0.0421875
2 0.6234375 0.315625 0.0140625 0.046875
2 0.70859375 0.36953125 0.0203125 0.0671875
2 0.5109375 0.3890625 0.015625 0.0515625
2 0.97265625 0.29375 0.0171875 0.0578125
2 0.4953125 0.32578125 0.015625 0.0484375
2 0.296875 0.3671875 0.0171875 0.046875
2 0.53359375 0.32109375 0.015625 0.05
2 0.4171875 0.44296875 0.021875 0.065625
2 0.71328125 0.37890625 0.0203125 0.0609375
2 0.66484375 0.3328125 0.021875 0.05625
2 0.43828125 0.39921875 0.0203125 0.059375
2 0.51875 0.5953125 0.0296875 0.0921875
2 0.21328125 0.53359375 0.03125 0.0765625
2 0.6265625 0.41171875 0.021875 0.065625
2 0.58203125 0.453125 0.0203125 0.065625
2 0.88515625 0.646875 0.034375 0.096875
2 0.7921875 0.4625 0.021875 0.0703125
3 0.55 0.34921875 0.0171875 0.0546875
0 0.36171875 0.3546875 0.00625 0.0109375
3 0.25703125 0.29765625 0.0171875 0.040625