2 0.66171875 0.46953125 0.015625 0.0359375
2 0.65859375 0.446875 0.0171875 0.034375
2 0.425 0.484375 0.0125 0.0296875
2 0.4796875 0.4671875 0.0140625 0.0296875
2 0.71015625 0.41328125 0.0125 0.03125
2 0.5421875 0.4953125 0.0140625 0.034375
1 0.11328125 0.61953125 0.01875 0.0453125
2 0.81796875 0.47109375 0.0171875 0.0390625
2 0.7296875 0.496875 0.0203125 0.0375
2 0.41796875 0.55390625 0.01875 0.0421875
3 0.6015625 0.5109375 0.015625 0.040625
2 0.6875 0.48515625 0.0140625 0.034375
2 0.65234375 0.49140625 0.0203125 0.040625
2 0.25 0.57265625 0.0171875 0.0375
2 0.5015625 0.6109375 0.0171875 0.0421875
2 0.36328125 0.5875 0.0171875 0.0421875
1 0.915625 0.43828125 0.0171875 0.040625
2 0.3875 0.52578125 0.015625 0.0359375
2 0.6984375 0.5515625 0.01875 0.04375
2 0.46640625 0.59765625 0.01875 0.0453125
2 0.378125 0.65546875 0.01875 0.046875
2 0.409375 0.72265625 0.021875 0.0515625
2 0.19296875 0.6375 0.0234375 0.0453125
0 0.81484375 0.4875 0.00625 0.0109375
3 0.39453125 0.4625 0.0125 0.0265625