0 0.36484375 0.48515625 0.009375 0.0140625
2 0.79296875 0.50390625 0.0125 0.0328125
2 0.59375 0.3875 0.021875 0.040625
2 0.63125 0.33515625 0.0171875 0.0390625
2 0.5046875 0.4328125 0.0203125 0.05
2 0.77109375 0.453125 0.0234375 0.046875
2 0.53359375 0.4 0.015625 0.0453125
2 0.81953125 0.4390625 0.025 0.046875
2 0.78671875 0.5390625 0.0203125 0.0625
3 0.6328125 0.49453125 0.0171875 0.05625
2 0.51484375 0.4703125 0.0171875 0.05625
2 0.3328125 0.38671875 0.0140625 0.0484375
2 0.77578125 0.5 0.0203125 0.0546875
2 0.48125 0.459375 0.0203125 0.0546875
2 0.61484375 0.484375 0.0203125 0.0515625
2 0.45625 0.5390625 0.01875 0.059375
2 0.59296875 0.57109375 0.01875 0.065625
2 0.7859375 0.684375 0.025 0.0703125
2 0.290625 0.50078125 0.0234375 0.0546875
2 0.45 0.58984375 0.021875 0.065625
2 0.65 0.715625 0.0234375 0.0765625
2 0.33125 0.7578125 0.0359375 0.0859375
3 0.3921875 0.2984375 0.0140625 0.040625