2 0.453125 0.446875 0.0265625 0.04375
2 0.54296875 0.49453125 0.0265625 0.0578125
3 0.609375 0.50703125 0.0296875 0.05625
2 0.371875 0.52421875 0.0234375 0.053125
2 0.5515625 0.3828125 0.0203125 0.0453125
2 0.51796875 0.45390625 0.0203125 0.0515625
2 0.4515625 0.47734375 0.021875 0.05
1 0.1640625 0.534375 0.034375 0.05
2 0.5484375 0.41484375 0.01875 0.0546875
2 0.59375 0.4953125 0.0265625 0.0609375
2 0.4234375 0.49609375 0.0359375 0.0578125
2 0.65078125 0.38984375 0.0203125 0.05
2 0.378125 0.55625 0.028125 0.0578125
2 0.48046875 0.5 0.0265625 0.0609375
2 0.32578125 0.62421875 0.028125 0.0640625
2 0.87421875 0.4671875 0.0265625 0.065625
2 0.8140625 0.52421875 0.0265625 0.071875
2 0.53359375 0.55078125 0.025 0.065625
2 0.65859375 0.49765625 0.028125 0.0625
2 0.3265625 0.671875 0.028125 0.071875
2 0.7375 0.58125 0.028125 0.0734375
2 0.5328125 0.48515625 0.0234375 0.0609375
3 0.55546875 0.340625 0.021875 0.0375
0 0.4125 0.4359375 0.009375 0.0140625