0 0.8578125 0.51328125 0.00625 0.0109375
2 0.8875 0.515625 0.01875 0.0328125
2 0.88828125 0.54765625 0.0203125 0.0546875
1 0.853125 0.35625 0.0171875 0.0484375
3 0.99140625 0.625 0.0171875 0.071875
2 0.89296875 0.5703125 0.0171875 0.0609375
2 0.571875 0.36484375 0.015625 0.0421875
2 0.31484375 0.3921875 0.0140625 0.04375
2 0.64453125 0.378125 0.0140625 0.0484375
2 0.6234375 0.428125 0.0140625 0.046875
2 0.44140625 0.4390625 0.0140625 0.05
2 0.73984375 0.51953125 0.0140625 0.059375
2 0.81484375 0.58125 0.0203125 0.065625
3 0.559375 0.48203125 0.01875 0.0546875
2 0.54765625 0.5421875 0.015625 0.0609375
2 0.68671875 0.5703125 0.0203125 0.06875
2 0.84453125 0.57578125 0.01875 0.0625
2 0.72265625 0.4203125 0.0203125 0.0515625
2 0.40390625 0.6515625 0.021875 0.075
2 0.659375 0.6671875 0.021875 0.0765625
2 0.67265625 0.5859375 0.0203125 0.065625
2 0.296875 0.68671875 0.028125 0.075
2 0.471875 0.57890625 0.0171875 0.0625
2 0.17421875 0.55546875 0.021875 0.0625
3 0.16953125 0.32734375 0.0125 0.0375