2 0.67734375 0.36953125 0.0125 0.0328125
2 0.6671875 0.43515625 0.0140625 0.046875
1 0.78359375 0.39296875 0.0203125 0.0546875
2 0.56015625 0.55078125 0.028125 0.0609375
2 0.56953125 0.60078125 0.028125 0.0546875
2 0.684375 0.396875 0.0171875 0.053125
2 0.74765625 0.584375 0.021875 0.0671875
2 0.49609375 0.46953125 0.0203125 0.05625
2 0.64921875 0.440625 0.0203125 0.05
2 0.578125 0.4125 0.0203125 0.0484375
2 0.60546875 0.61328125 0.021875 0.0703125
2 0.82890625 0.584375 0.025 0.0671875
2 0.67578125 0.484375 0.021875 0.0640625
2 0.32265625 0.7546875 0.034375 0.0734375
3 0.5078125 0.525 0.021875 0.0625
2 0.59296875 0.640625 0.025 0.078125
2 0.76796875 0.58125 0.021875 0.0625
2 0.8359375 0.46796875 0.0203125 0.0625
2 0.30546875 0.72890625 0.028125 0.075
2 0.2890625 0.49140625 0.0203125 0.0609375
2 0.49296875 0.6375 0.0265625 0.0765625
2 0.14609375 0.6484375 0.034375 0.0765625
0 0.5765625 0.61875 0.00625 0.0109375
3 0.00703125 0.384375 0.0140625 0.04375