2 0.35859375 0.40546875 0.015625 0.0375
1 0.1765625 0.40390625 0.015625 0.046875
2 0.74921875 0.53828125 0.021875 0.0578125
2 0.3640625 0.40703125 0.015625 0.040625
2 0.3390625 0.3671875 0.01875 0.0484375
2 0.25625 0.403125 0.01875 0.046875
2 0.1875 0.4234375 0.0140625 0.0453125
2 0.32421875 0.39296875 0.01875 0.05
2 0.4890625 0.38671875 0.015625 0.04375
2 0.45546875 0.4375 0.0171875 0.046875
2 0.77109375 0.446875 0.01875 0.046875
2 0.74609375 0.55859375 0.021875 0.0625
2 0.28125 0.41796875 0.0234375 0.053125
2 0.19453125 0.440625 0.0203125 0.0546875
3 0.39140625 0.459375 0.0203125 0.053125
2 0.7953125 0.46015625 0.021875 0.0515625
2 0.41875 0.4984375 0.0203125 0.0578125
2 0.315625 0.4703125 0.01875 0.05625
2 0.84921875 0.5140625 0.0203125 0.05625
2 0.63359375 0.62265625 0.0265625 0.0640625
2 0.49296875 0.596875 0.0296875 0.0671875
0 0.375 0.42421875 0.00625 0.0109375
3 0.42734375 0.3265625 0.0140625 0.0390625