2 0.57421875 0.3890625 0.0171875 0.0390625
2 0.8328125 0.51875 0.021875 0.034375
2 0.57265625 0.409375 0.0203125 0.040625
2 0.3296875 0.43515625 0.01875 0.040625
3 0.5546875 0.49296875 0.0234375 0.0484375
2 0.5328125 0.47734375 0.0234375 0.046875
2 0.390625 0.54921875 0.0265625 0.053125
2 0.3296875 0.48125 0.01875 0.040625
1 0.90390625 0.3484375 0.0234375 0.05
2 0.75234375 0.4609375 0.0234375 0.0515625
2 0.65390625 0.41015625 0.021875 0.046875
2 0.57265625 0.51171875 0.0203125 0.053125
2 0.22890625 0.55078125 0.0234375 0.046875
2 0.6328125 0.48125 0.0203125 0.0515625
2 0.69140625 0.5125 0.0203125 0.05625
2 0.51328125 0.4921875 0.03125 0.0546875
2 0.196875 0.52265625 0.021875 0.0484375
2 0.4375 0.4859375 0.0234375 0.0484375
2 0.71171875 0.53359375 0.0234375 0.05625
2 0.41953125 0.5890625 0.028125 0.0609375
2 0.2625 0.60625 0.034375 0.059375
2 0.8171875 0.52578125 0.025 0.059375
3 0.1921875 0.41640625 0.0171875 0.034375