3 0.5046875 0.49609375 0.025 0.0484375
2 0.36953125 0.43828125 0.021875 0.04375
2 0.746875 0.35703125 0.028125 0.046875
2 0.684375 0.32890625 0.021875 0.0375
2 0.49609375 0.52734375 0.03125 0.0609375
2 0.52265625 0.43359375 0.0265625 0.0484375
2 0.49140625 0.56953125 0.0265625 0.059375
2 0.3578125 0.590625 0.0359375 0.065625
2 0.65 0.403125 0.021875 0.046875
2 0.42734375 0.496875 0.03125 0.0546875
2 0.7890625 0.56328125 0.0359375 0.0625
2 0.68125 0.42734375 0.0234375 0.0515625
2 0.8015625 0.61796875 0.0484375 0.0796875
2 0.76796875 0.40546875 0.0265625 0.05625
2 0.89375 0.434375 0.0265625 0.0625
2 0.38984375 0.5703125 0.028125 0.0578125
2 0.225 0.603125 0.0265625 0.0609375
2 0.8578125 0.425 0.0296875 0.0578125
2 0.09765625 0.5953125 0.0296875 0.0546875
2 0.24375 0.51796875 0.0296875 0.0546875
2 0.57265625 0.521875 0.0328125 0.059375
0 0.59453125 0.35234375 0.0078125 0.0125
3 0.26875 0.4 0.015625 0.034375