0 0.45078125 0.55 0.00625 0.0109375
2 0.65859375 0.5015625 0.015625 0.04375
2 0.465625 0.4515625 0.0125 0.0390625
2 0.51875 0.471875 0.0125 0.04375
2 0.78046875 0.5265625 0.0140625 0.0546875
2 0.49375 0.46875 0.015625 0.0421875
1 0.88359375 0.4484375 0.015625 0.04375
2 0.5859375 0.409375 0.0140625 0.0453125
2 0.68125 0.5578125 0.0140625 0.0546875
2 0.40390625 0.4078125 0.0140625 0.0390625
2 0.765625 0.57109375 0.0140625 0.0546875
2 0.74140625 0.5859375 0.015625 0.0390625
2 0.5546875 0.43125 0.0125 0.04375
3 0.5859375 0.50859375 0.0203125 0.0515625
2 0.4453125 0.51484375 0.015625 0.046875
2 0.684375 0.459375 0.0140625 0.0484375
3 0.946875 0.74375 0.025 0.075
2 0.5734375 0.47734375 0.0171875 0.0484375
2 0.52109375 0.51015625 0.0171875 0.0484375
2 0.3546875 0.5046875 0.021875 0.05
2 0.725 0.61015625 0.01875 0.059375
2 0.3078125 0.52578125 0.015625 0.053125
2 0.26015625 0.4734375 0.021875 0.05
2 0.41328125 0.57109375 0.0234375 0.0578125
3 0.21015625 0.3265625 0.0109375 0.0375