2 0.5921875 0.6421875 0.0203125 0.0421875
1 0.91875 0.5109375 0.0234375 0.0546875
2 0.21171875 0.50703125 0.03125 0.0609375
2 0.6359375 0.4234375 0.0265625 0.0515625
2 0.63515625 0.51328125 0.0234375 0.0578125
2 0.71328125 0.4546875 0.0234375 0.0546875
2 0.56328125 0.47578125 0.021875 0.05625
2 0.6890625 0.46328125 0.025 0.053125
2 0.5859375 0.68125 0.0390625 0.0734375
2 0.35546875 0.3734375 0.025 0.0484375
2 0.72890625 0.5078125 0.025 0.0625
3 0.5140625 0.51484375 0.028125 0.0578125
2 0.64375 0.55234375 0.028125 0.0703125
2 0.4671875 0.5609375 0.028125 0.0703125
2 0.16953125 0.48515625 0.0359375 0.06875
2 0.66953125 0.66640625 0.0296875 0.0703125
2 0.328125 0.628125 0.034375 0.078125
2 0.81953125 0.675 0.0328125 0.0765625
2 0.01875 0.55625 0.0375 0.0875
2 0.5578125 0.7453125 0.046875 0.0828125
2 0.54453125 0.575 0.0328125 0.0640625
3 0.17421875 0.23359375 0.01875 0.0421875
2 0.678125 0.8609375 0.046875 0.0984375