3 0.50546875 0.496875 0.01875 0.0484375
2 0.3796875 0.42109375 0.015625 0.0421875
2 0.76484375 0.39296875 0.021875 0.046875
2 0.70625 0.35625 0.0171875 0.0375
2 0.49296875 0.5265625 0.0234375 0.059375
2 0.53203125 0.4375 0.0203125 0.046875
2 0.48203125 0.56796875 0.01875 0.059375
2 0.34609375 0.56953125 0.028125 0.0640625
2 0.66171875 0.425 0.015625 0.046875
2 0.42890625 0.48671875 0.0234375 0.053125
2 0.77734375 0.603125 0.028125 0.0609375
2 0.68984375 0.453125 0.015625 0.0515625
2 0.78203125 0.65859375 0.0375 0.078125
2 0.778125 0.44375 0.0203125 0.0546875
2 0.8984375 0.48984375 0.01875 0.0625
2 0.38046875 0.55390625 0.0203125 0.0578125
2 0.21328125 0.5640625 0.01875 0.0609375
2 0.86484375 0.47578125 0.021875 0.05625
2 0.08828125 0.53828125 0.021875 0.053125
2 0.24375 0.48203125 0.0234375 0.053125
2 0.56875 0.53203125 0.025 0.059375
0 0.6140625 0.3671875 0.00625 0.0109375
3 0.28515625 0.36875 0.0109375 0.034375