2 0.66328125 0.38515625 0.025 0.0390625
1 0.7640625 0.384375 0.0234375 0.0359375
2 0.64921875 0.38515625 0.0203125 0.0453125
2 0.66875 0.41875 0.0265625 0.04375
2 0.5328125 0.409375 0.021875 0.0453125
2 0.7140625 0.4046875 0.0296875 0.0484375
2 0.8875 0.4359375 0.025 0.046875
2 0.53359375 0.440625 0.0265625 0.0484375
3 0.515625 0.46640625 0.021875 0.05625
2 0.84375 0.421875 0.021875 0.05
2 0.58125 0.40625 0.01875 0.0421875
2 0.64765625 0.43359375 0.03125 0.0515625
2 0.72890625 0.4484375 0.0234375 0.0578125
2 0.63203125 0.4828125 0.025 0.0578125
2 0.3859375 0.45625 0.025 0.0546875
2 0.83984375 0.459375 0.0265625 0.05625
2 0.64296875 0.55546875 0.0296875 0.0640625
2 0.1640625 0.56328125 0.0234375 0.059375
2 0.71484375 0.51015625 0.0265625 0.071875
2 0.23125 0.6765625 0.03125 0.0734375
2 0.28125 0.61171875 0.0265625 0.0640625
2 0.51640625 0.61328125 0.0328125 0.075
0 0.896875 0.45078125 0.0109375 0.015625