2 0.35703125 0.4078125 0.0140625 0.0375
1 0.175 0.409375 0.015625 0.046875
2 0.75 0.53359375 0.021875 0.0578125
2 0.3625 0.409375 0.015625 0.040625
2 0.33671875 0.36953125 0.0171875 0.0484375
2 0.2546875 0.4078125 0.01875 0.046875
2 0.1859375 0.42890625 0.0140625 0.0453125
2 0.321875 0.39609375 0.0171875 0.05
2 0.4875 0.38671875 0.015625 0.04375
2 0.45390625 0.43828125 0.015625 0.046875
2 0.7703125 0.4421875 0.0171875 0.046875
2 0.746875 0.55390625 0.021875 0.0625
2 0.2796875 0.421875 0.021875 0.053125
2 0.19375 0.44609375 0.0203125 0.0546875
3 0.390625 0.46171875 0.01875 0.053125
2 0.79453125 0.4546875 0.0203125 0.05
2 0.41875 0.49921875 0.01875 0.0578125
2 0.31484375 0.4734375 0.01875 0.05625
2 0.84921875 0.50859375 0.01875 0.05625
2 0.63515625 0.6203125 0.025 0.0640625
2 0.49453125 0.596875 0.028125 0.0671875
0 0.3734375 0.4265625 0.00625 0.0109375
3 0.42421875 0.328125 0.0125 0.0375