2 0.746875 0.44921875 0.01875 0.0484375
2 0.609375 0.32109375 0.021875 0.040625
2 0.50078125 0.3609375 0.0234375 0.0375
3 0.53515625 0.471875 0.0296875 0.05625
2 0.4203125 0.42265625 0.021875 0.046875
2 0.81640625 0.353125 0.025 0.05
2 0.76328125 0.4734375 0.0328125 0.0609375
2 0.47734375 0.4109375 0.025 0.04375
2 0.859375 0.403125 0.025 0.0484375
2 0.59453125 0.44609375 0.0203125 0.05
2 0.4328125 0.48515625 0.0265625 0.0515625
2 0.76953125 0.41953125 0.0265625 0.0609375
2 0.4 0.603125 0.0265625 0.065625
2 0.584375 0.57109375 0.028125 0.06875
2 0.7078125 0.684375 0.0296875 0.0796875
2 0.35546875 0.65 0.0328125 0.071875
2 0.20390625 0.4921875 0.0234375 0.05625
2 0.85859375 0.61796875 0.0328125 0.0734375
2 0.30859375 0.5234375 0.0328125 0.059375
2 0.18359375 0.60078125 0.0296875 0.0640625
2 0.27734375 0.77265625 0.0375 0.078125
0 0.47265625 0.37890625 0.00625 0.009375
3 0.271875 0.37421875 0.0203125 0.040625