2 0.69921875 0.46015625 0.015625 0.0296875
2 0.48828125 0.43828125 0.0171875 0.0375
3 0.534375 0.51875 0.01875 0.04375
2 0.671875 0.51640625 0.015625 0.0359375
2 0.4203125 0.42734375 0.0140625 0.034375
2 0.8203125 0.58828125 0.025 0.0484375
2 0.62265625 0.4734375 0.015625 0.0359375
2 0.76015625 0.54609375 0.01875 0.0421875
2 0.36171875 0.45703125 0.01875 0.0421875
2 0.5671875 0.4890625 0.0140625 0.0375
2 0.15078125 0.4796875 0.01875 0.05
2 0.3953125 0.503125 0.01875 0.040625
2 0.259375 0.44140625 0.0171875 0.040625
2 0.31015625 0.5109375 0.01875 0.0515625
2 0.709375 0.5453125 0.01875 0.040625
2 0.2703125 0.5828125 0.01875 0.053125
2 0.70703125 0.61796875 0.0171875 0.046875
1 0.9546875 0.60078125 0.0203125 0.0484375
2 0.82421875 0.6328125 0.0234375 0.0515625
2 0.41796875 0.5796875 0.021875 0.0515625
2 0.475 0.6234375 0.021875 0.0515625
2 0.23203125 0.69375 0.0265625 0.065625
3 0.39453125 0.38359375 0.015625 0.0359375
0 0.8109375 0.60390625 0.0078125 0.0125