2 0.68515625 0.40625 0.021875 0.0515625
2 0.6734375 0.3578125 0.0265625 0.053125
1 0.7265625 0.35546875 0.025 0.0515625
2 0.653125 0.35546875 0.0265625 0.053125
0 0.78125 0.575 0.009375 0.0125
2 0.69609375 0.41953125 0.0265625 0.0609375
2 0.559375 0.45 0.025 0.053125
2 0.89140625 0.434375 0.0265625 0.053125
2 0.64453125 0.40546875 0.0234375 0.053125
2 0.8 0.44453125 0.025 0.059375
2 0.75234375 0.5140625 0.0296875 0.059375
2 0.76875 0.396875 0.025 0.05625
2 0.57734375 0.4140625 0.025 0.0515625
2 0.55546875 0.39765625 0.0234375 0.0515625
2 0.865625 0.43515625 0.0265625 0.0578125
3 0.49296875 0.47890625 0.025 0.0578125
2 0.57734375 0.4921875 0.0265625 0.053125
2 0.3546875 0.46875 0.0265625 0.0546875
2 0.7546875 0.5515625 0.0375 0.059375
2 0.70078125 0.58046875 0.034375 0.0640625
2 0.1609375 0.5953125 0.028125 0.0578125
2 0.221875 0.67734375 0.03125 0.065625
2 0.26484375 0.64765625 0.028125 0.0609375