2 0.67109375 0.396875 0.0234375 0.0390625
1 0.771875 0.403125 0.021875 0.0359375
2 0.65703125 0.39609375 0.0171875 0.0453125
2 0.67421875 0.43046875 0.025 0.04375
2 0.5390625 0.41171875 0.01875 0.0453125
2 0.71953125 0.4203125 0.0265625 0.046875
2 0.89140625 0.46328125 0.021875 0.046875
2 0.5375 0.44375 0.0234375 0.0484375
3 0.51796875 0.46796875 0.0171875 0.05625
2 0.8484375 0.44609375 0.01875 0.05
2 0.5875 0.41171875 0.015625 0.0421875
2 0.6515625 0.44453125 0.028125 0.0515625
2 0.73203125 0.46484375 0.0203125 0.0578125
2 0.63359375 0.4921875 0.021875 0.0578125
2 0.3890625 0.4484375 0.021875 0.0546875
2 0.8421875 0.4828125 0.0234375 0.05625
2 0.63828125 0.56484375 0.0265625 0.0640625
2 0.1609375 0.53984375 0.01875 0.0609375
2 0.71328125 0.52578125 0.021875 0.071875
2 0.21953125 0.6578125 0.0265625 0.0734375
2 0.27421875 0.59609375 0.021875 0.0640625
2 0.50859375 0.6140625 0.028125 0.075
0 0.89921875 0.47890625 0.009375 0.015625