3 0.46484375 0.33515625 0.009375 0.034375
2 0.50234375 0.43203125 0.0125 0.04375
1 0.20078125 0.46328125 0.015625 0.0453125
2 0.55 0.475 0.0109375 0.0515625
2 0.50625 0.40546875 0.0109375 0.0421875
2 0.45234375 0.48125 0.015625 0.05625
3 0.58203125 0.5265625 0.0140625 0.059375
2 0.54375 0.4828125 0.0109375 0.053125
2 0.84453125 0.57578125 0.015625 0.0796875
2 0.4640625 0.48671875 0.01875 0.0546875
2 0.33515625 0.43046875 0.0140625 0.053125
2 0.20234375 0.48671875 0.0125 0.0484375
2 0.56640625 0.39453125 0.015625 0.0453125
2 0.14453125 0.540625 0.0140625 0.059375
2 0.409375 0.55546875 0.01875 0.0609375
2 0.39921875 0.6609375 0.0203125 0.0703125
2 0.5875 0.55 0.0171875 0.0640625
2 0.37109375 0.6609375 0.0140625 0.065625
2 0.30625 0.43359375 0.0140625 0.0515625
2 0.925 0.5640625 0.0203125 0.065625
2 0.42734375 0.49609375 0.0171875 0.0546875
2 0.7859375 0.47421875 0.0203125 0.05
2 0.86640625 0.634375 0.0171875 0.0671875