2 0.54296875 0.3671875 0.0234375 0.04375
3 0.5359375 0.53671875 0.0234375 0.0609375
2 0.453125 0.43984375 0.01875 0.05
2 0.53359375 0.50078125 0.021875 0.05
3 0.9234375 0.90390625 0.0484375 0.0859375
2 0.71875 0.4609375 0.021875 0.053125
1 0.10625 0.50546875 0.0203125 0.053125
2 0.490625 0.39921875 0.015625 0.046875
2 0.721875 0.51328125 0.0234375 0.0609375
2 0.878125 0.48828125 0.0234375 0.0640625
2 0.403125 0.496875 0.0234375 0.0515625
2 0.63828125 0.39296875 0.0203125 0.0453125
2 0.62109375 0.43828125 0.01875 0.05
2 0.8859375 0.44921875 0.025 0.0578125
2 0.4796875 0.42421875 0.0171875 0.0453125
2 0.515625 0.5140625 0.021875 0.0578125
2 0.61484375 0.60703125 0.025 0.071875
2 0.3265625 0.5640625 0.021875 0.05625
2 0.753125 0.55859375 0.025 0.0703125
2 0.30625 0.646875 0.0234375 0.0640625
2 0.31953125 0.58125 0.0234375 0.0640625
2 0.27265625 0.73671875 0.0265625 0.0765625
2 0.73046875 0.66953125 0.028125 0.08125
0 0.54765625 0.38671875 0.00625 0.009375
3 0.53515625 0.33359375 0.015625 0.0390625