2 0.74921875 0.46640625 0.015625 0.0484375
2 0.621875 0.32890625 0.01875 0.0390625
2 0.5109375 0.36171875 0.021875 0.0375
3 0.5375 0.47421875 0.0265625 0.05625
2 0.42578125 0.4171875 0.01875 0.0453125
2 0.8265625 0.375 0.021875 0.05
2 0.76484375 0.4921875 0.028125 0.0609375
2 0.48359375 0.41015625 0.021875 0.04375
2 0.86484375 0.42890625 0.021875 0.046875
2 0.59765625 0.453125 0.0171875 0.05
2 0.434375 0.48046875 0.0234375 0.0515625
2 0.775 0.4390625 0.021875 0.059375
2 0.39296875 0.59609375 0.0234375 0.0640625
2 0.5796875 0.5765625 0.0234375 0.0671875
2 0.69453125 0.6984375 0.025 0.0796875
2 0.3453125 0.63984375 0.028125 0.071875
2 0.20546875 0.47109375 0.0203125 0.0546875
2 0.84921875 0.6421875 0.028125 0.0734375
2 0.3078125 0.51015625 0.0296875 0.0578125
2 0.17734375 0.57890625 0.0265625 0.0640625
2 0.259375 0.75625 0.0328125 0.0765625
0 0.48125 0.37734375 0.00625 0.009375
3 0.28125 0.35859375 0.01875 0.040625