2 0.66484375 0.3546875 0.0140625 0.0328125
2 0.66015625 0.42109375 0.0171875 0.046875
1 0.77265625 0.36875 0.025 0.0546875
2 0.56484375 0.5453125 0.0328125 0.0625
2 0.578125 0.59453125 0.0328125 0.05625
2 0.675 0.38046875 0.021875 0.053125
2 0.75390625 0.5625 0.028125 0.06875
2 0.49375 0.4703125 0.025 0.0578125
2 0.64375 0.42734375 0.0234375 0.0515625
2 0.5703125 0.40625 0.0234375 0.0484375
2 0.61484375 0.603125 0.028125 0.0703125
2 0.834375 0.55546875 0.03125 0.06875
2 0.67421875 0.46953125 0.0265625 0.0640625
2 0.3453125 0.76875 0.0390625 0.0734375
3 0.51015625 0.52421875 0.0265625 0.0640625
2 0.60546875 0.63125 0.03125 0.078125
2 0.7734375 0.55703125 0.0265625 0.0640625
2 0.83203125 0.43828125 0.025 0.0625
2 0.3265625 0.74453125 0.034375 0.0765625
2 0.2890625 0.51015625 0.0265625 0.0625
2 0.50546875 0.6375 0.0328125 0.078125
2 0.1609375 0.67890625 0.040625 0.0765625
0 0.58671875 0.6109375 0.0078125 0.0125
3 0.00390625 0.428125 0.0078125 0.04375