2 0.584375 0.646875 0.021875 0.0421875
1 0.9171875 0.5328125 0.0265625 0.0546875
2 0.21171875 0.4921875 0.034375 0.0609375
2 0.63984375 0.43046875 0.028125 0.0515625
2 0.634375 0.5203125 0.0265625 0.0578125
2 0.715625 0.465625 0.0265625 0.0546875
2 0.56484375 0.47890625 0.0234375 0.05625
2 0.690625 0.4734375 0.028125 0.053125
2 0.5765625 0.68515625 0.04375 0.075
2 0.36171875 0.365625 0.0265625 0.0484375
2 0.728125 0.5203125 0.028125 0.0625
3 0.51328125 0.515625 0.0296875 0.0578125
2 0.640625 0.559375 0.0328125 0.0703125
2 0.4640625 0.559375 0.0328125 0.0703125
2 0.1703125 0.4671875 0.0390625 0.06875
2 0.6609375 0.675 0.0328125 0.0703125
2 0.321875 0.61875 0.0375 0.078125
2 0.81015625 0.69140625 0.0359375 0.0765625
2 0.01875 0.53125 0.0375 0.0875
2 0.5453125 0.7484375 0.05 0.084375
2 0.540625 0.57734375 0.0359375 0.065625
3 0.18828125 0.21640625 0.021875 0.0421875
2 0.65859375 0.8703125 0.0515625 0.0984375