2 0.58828125 0.671875 0.01875 0.0234375
2 0.46328125 0.43671875 0.0125 0.040625
2 0.40078125 0.3859375 0.0109375 0.0265625
2 0.4578125 0.43046875 0.0109375 0.028125
2 0.58203125 0.67265625 0.0203125 0.0265625
3 0.359375 0.37109375 0.0109375 0.034375
3 0.76796875 0.92734375 0.021875 0.0703125
2 0.40703125 0.390625 0.0109375 0.03125
2 0.46953125 0.4171875 0.015625 0.0375
2 0.58671875 0.42265625 0.0140625 0.03125
2 0.60234375 0.42890625 0.015625 0.03125
2 0.3875 0.43515625 0.015625 0.040625
3 0.47265625 0.47421875 0.0140625 0.04375
2 0.57421875 0.71015625 0.0234375 0.065625
1 0.0140625 0.43125 0.015625 0.0453125
2 0.7140625 0.4859375 0.015625 0.0453125
2 0.2859375 0.39921875 0.015625 0.0375
2 0.48671875 0.440625 0.0125 0.0390625
2 0.26953125 0.46484375 0.015625 0.046875
2 0.58046875 0.50390625 0.0140625 0.0453125
2 0.553125 0.590625 0.021875 0.0515625
2 0.74375 0.534375 0.0171875 0.046875
2 0.45 0.503125 0.0171875 0.046875
2 0.7625 0.5359375 0.01875 0.0484375
2 0.2796875 0.50234375 0.01875 0.0484375