2 0.61953125 0.55234375 0.0203125 0.05
2 0.6140625 0.578125 0.0203125 0.0609375
1 0.86484375 0.4453125 0.0171875 0.05625
2 0.62421875 0.40390625 0.0171875 0.05625
2 0.65625 0.4546875 0.0109375 0.0515625
2 0.59296875 0.5609375 0.0265625 0.0609375
2 0.6171875 0.490625 0.015625 0.0578125
2 0.6875 0.44609375 0.015625 0.0578125
2 0.45625 0.48125 0.0140625 0.05625
2 0.5109375 0.5453125 0.0140625 0.0625
3 0.48671875 0.51875 0.0171875 0.0609375
2 0.659375 0.52265625 0.0203125 0.0625
2 0.76484375 0.52734375 0.0171875 0.0640625
2 0.30703125 0.4484375 0.0125 0.0578125
2 0.7328125 0.578125 0.0203125 0.0609375
2 0.56484375 0.42734375 0.015625 0.0515625
2 0.08203125 0.65390625 0.0234375 0.0875
2 0.0765625 0.69140625 0.0265625 0.0796875
2 0.11171875 0.5875 0.0171875 0.0734375
2 0.653125 0.609375 0.0234375 0.0671875
2 0.35859375 0.6078125 0.0203125 0.075
2 0.590625 0.63359375 0.0234375 0.071875
3 0.078125 0.30859375 0.0171875 0.04375
0 0.58515625 0.5875 0.0078125 0.0140625