2 0.70703125 0.5078125 0.021875 0.05
2 0.7203125 0.459375 0.028125 0.053125
1 0.76796875 0.48359375 0.0265625 0.0515625
2 0.70390625 0.44765625 0.028125 0.053125
0 0.709375 0.7015625 0.009375 0.0125
2 0.71015625 0.525 0.028125 0.0609375
2 0.57578125 0.48515625 0.025 0.053125
2 0.8734375 0.6328125 0.028125 0.053125
2 0.67265625 0.4875 0.025 0.053125
2 0.7890625 0.596875 0.0265625 0.059375
2 0.7140625 0.63515625 0.0296875 0.059375
2 0.78515625 0.53984375 0.025 0.05625
2 0.609375 0.4625 0.025 0.0515625
2 0.5984375 0.4375 0.025 0.0515625
2 0.85078125 0.62109375 0.028125 0.0578125
3 0.50390625 0.478125 0.0265625 0.0578125
2 0.571875 0.53046875 0.0265625 0.053125
2 0.38828125 0.40234375 0.028125 0.0546875
2 0.69765625 0.66875 0.0390625 0.059375
2 0.6359375 0.6671875 0.0359375 0.0640625
2 0.15703125 0.41875 0.028125 0.0578125
2 0.17109375 0.5203125 0.0328125 0.065625
2 0.22265625 0.51484375 0.0296875 0.0609375