2 0.63671875 0.38046875 0.025 0.0515625
2 0.65859375 0.425 0.028125 0.046875
1 0.753125 0.5015625 0.0265625 0.0515625
2 0.73828125 0.52109375 0.034375 0.0703125
2 0.57734375 0.3921875 0.0265625 0.0578125
2 0.759375 0.54765625 0.0296875 0.0625
2 0.51953125 0.48671875 0.0328125 0.0671875
2 0.67109375 0.5296875 0.0421875 0.0703125
2 0.71875 0.5765625 0.046875 0.0828125
2 0.39375 0.353125 0.0375 0.0671875
2 0.70390625 0.4953125 0.0359375 0.0609375
3 0.30078125 0.2859375 0.03125 0.0640625
2 0.590625 0.46953125 0.034375 0.0734375
2 0.5125 0.3671875 0.0421875 0.06875
2 0.634375 0.459375 0.0359375 0.0640625
2 0.58125 0.5109375 0.04375 0.065625
2 0.3953125 0.4296875 0.03125 0.0765625
2 0.2859375 0.2671875 0.0296875 0.0640625
2 0.4359375 0.50390625 0.0375 0.0828125
2 0.69765625 0.6171875 0.046875 0.0984375
2 0.08515625 0.4421875 0.0453125 0.0875
0 0.63828125 0.4078125 0.0078125 0.0109375