2 0.61875 0.3625 0.01875 0.0515625
2 0.64609375 0.40390625 0.0234375 0.0453125
1 0.75078125 0.46640625 0.0203125 0.05
2 0.7390625 0.4875 0.025 0.0703125
2 0.56171875 0.38203125 0.01875 0.0578125
2 0.76328125 0.5109375 0.021875 0.0625
2 0.51796875 0.484375 0.0234375 0.065625
2 0.6734375 0.50546875 0.0328125 0.06875
2 0.72734375 0.5453125 0.0375 0.08125
2 0.37421875 0.36953125 0.028125 0.065625
2 0.7015625 0.4671875 0.0296875 0.059375
3 0.2734375 0.315625 0.0234375 0.0625
2 0.5859375 0.45703125 0.025 0.0734375
2 0.49453125 0.3671875 0.034375 0.0671875
2 0.62734375 0.440625 0.028125 0.0625
2 0.58203125 0.5 0.0359375 0.0640625
2 0.3859375 0.4453125 0.0203125 0.0765625
2 0.25546875 0.29921875 0.021875 0.0625
2 0.43671875 0.5125 0.0265625 0.0828125
2 0.71171875 0.58828125 0.034375 0.0984375
2 0.08125 0.50078125 0.034375 0.0859375
0 0.6234375 0.3890625 0.0078125 0.009375