2 0.54609375 0.2859375 0.0109375 0.034375
2 0.3421875 0.27890625 0.0140625 0.0328125
2 0.70390625 0.2859375 0.0125 0.0390625
2 0.73984375 0.26875 0.0109375 0.0375
2 0.778125 0.290625 0.0125 0.04375
2 0.64765625 0.3203125 0.0125 0.0453125
2 0.19375 0.3890625 0.0125 0.0453125
2 0.86875 0.3984375 0.0140625 0.05625
2 0.16171875 0.35703125 0.0109375 0.0453125
2 0.753125 0.35390625 0.0140625 0.04375
2 0.68671875 0.43359375 0.0125 0.05625
2 0.81015625 0.31953125 0.015625 0.0453125
2 0.33203125 0.40859375 0.0171875 0.0453125
2 0.66484375 0.3734375 0.015625 0.0515625
3 0.5125 0.375 0.0125 0.0484375
1 0.09140625 0.41484375 0.01875 0.0484375
2 0.89375 0.5375 0.021875 0.0625
2 0.859375 0.6 0.01875 0.075
2 0.81328125 0.46171875 0.01875 0.0609375
2 0.54296875 0.56796875 0.0234375 0.065625
2 0.484375 0.74609375 0.0296875 0.0765625
0 0.34765625 0.428125 0.00625 0.0125
3 0.30078125 0.23984375 0.0109375 0.03125
2 0.59609375 0.2296875 0.0140625 0.03125