1 0.83125 0.2578125 0.025 0.05
2 0.4546875 0.25625 0.021875 0.0546875
2 0.7875 0.25703125 0.0265625 0.053125
2 0.50859375 0.2109375 0.0265625 0.05625
2 0.4546875 0.22578125 0.0234375 0.05
2 0.4640625 0.2671875 0.025 0.0546875
2 0.8453125 0.28671875 0.025 0.0609375
2 0.48671875 0.2296875 0.025 0.053125
2 0.6703125 0.26171875 0.021875 0.05
2 0.36328125 0.33984375 0.0265625 0.0640625
2 0.32578125 0.265625 0.021875 0.0515625
3 0.4078125 0.2921875 0.0359375 0.0625
2 0.5484375 0.3125 0.021875 0.053125
2 0.4921875 0.2765625 0.0265625 0.0625
2 0.80390625 0.30078125 0.0296875 0.0671875
2 0.64921875 0.26015625 0.0265625 0.059375
2 0.7578125 0.33203125 0.0265625 0.0640625
2 0.69140625 0.2703125 0.03125 0.06875
2 0.17421875 0.415625 0.0296875 0.071875
2 0.14296875 0.43828125 0.0375 0.071875
2 0.4578125 0.48046875 0.034375 0.078125
2 0.046875 0.396875 0.0328125 0.06875