0 0.41328125 0.459375 0.0078125 0.0109375
2 0.65234375 0.2140625 0.0125 0.0359375
2 0.634375 0.35078125 0.0203125 0.0515625
3 0.53203125 0.33125 0.0265625 0.053125
2 0.29296875 0.22734375 0.0171875 0.0453125
2 0.54609375 0.2734375 0.0203125 0.046875
2 0.765625 0.32109375 0.0171875 0.05
2 0.68671875 0.34609375 0.0203125 0.0484375
2 0.646875 0.4125 0.0234375 0.0625
2 0.74609375 0.28984375 0.01875 0.046875
2 0.80625 0.36484375 0.01875 0.0546875
2 0.14765625 0.31796875 0.0203125 0.0578125
2 0.40078125 0.4234375 0.0328125 0.0609375
2 0.6609375 0.4984375 0.028125 0.0609375
2 0.11015625 0.33125 0.025 0.0609375
2 0.76015625 0.43515625 0.021875 0.0546875
2 0.82421875 0.4609375 0.0265625 0.0625
2 0.60625 0.88984375 0.0453125 0.09375
2 0.8078125 0.57734375 0.0265625 0.0734375
2 0.55546875 0.59453125 0.0328125 0.0765625
2 0.6890625 0.56328125 0.028125 0.0734375
2 0.875 0.58984375 0.025 0.0671875
3 0.30625 0.16328125 0.0171875 0.040625