2 0.53828125 0.284375 0.0125 0.034375
2 0.334375 0.284375 0.0140625 0.0328125
2 0.69609375 0.27890625 0.0140625 0.0390625
2 0.73125 0.26015625 0.0125 0.0375
2 0.77109375 0.28125 0.0140625 0.0453125
2 0.64140625 0.31484375 0.0140625 0.0453125
2 0.18984375 0.4 0.0140625 0.0453125
2 0.86484375 0.3859375 0.015625 0.05625
2 0.15703125 0.36953125 0.0125 0.0453125
2 0.74765625 0.3453125 0.015625 0.0453125
2 0.684375 0.42734375 0.015625 0.05625
2 0.80390625 0.30859375 0.015625 0.046875
2 0.32890625 0.41484375 0.01875 0.0453125
2 0.66015625 0.3671875 0.0171875 0.0515625
3 0.5078125 0.375 0.0140625 0.0484375
1 0.08828125 0.4296875 0.0203125 0.05
2 0.8953125 0.5234375 0.0234375 0.0625
2 0.86328125 0.5875 0.021875 0.075
2 0.81171875 0.45078125 0.0203125 0.0625
2 0.5453125 0.56640625 0.025 0.065625
2 0.49375 0.746875 0.0328125 0.078125
0 0.3453125 0.43359375 0.0078125 0.0125
3 0.2921875 0.246875 0.0109375 0.03125
2 0.58671875 0.2265625 0.0140625 0.0328125