2 0.64921875 0.3515625 0.0078125 0.0296875
2 0.46875 0.37421875 0.009375 0.0359375
2 0.79921875 0.39765625 0.0109375 0.0359375
3 0.65 0.409375 0.0140625 0.040625
2 0.5625 0.38046875 0.009375 0.0359375
1 0.08515625 0.49765625 0.0140625 0.046875
2 0.80703125 0.41875 0.009375 0.0359375
2 0.31875 0.39921875 0.0078125 0.0359375
2 0.46796875 0.4546875 0.009375 0.046875
2 0.684375 0.43984375 0.009375 0.0453125
2 0.6296875 0.43515625 0.0109375 0.0453125
2 0.2 0.4734375 0.0125 0.0421875
2 0.24375 0.47578125 0.0109375 0.05
2 0.84140625 0.43125 0.0125 0.0421875
2 0.6546875 0.5265625 0.0125 0.0546875
2 0.4109375 0.50859375 0.015625 0.0546875
2 0.84453125 0.55546875 0.015625 0.0625
2 0.86640625 0.53046875 0.015625 0.0578125
2 0.60078125 0.6875 0.0171875 0.078125
2 0.58203125 0.56953125 0.01875 0.059375
2 0.8921875 0.60078125 0.0171875 0.06875
2 0.47421875 0.6171875 0.0125 0.071875
0 0.09453125 0.525 0.00625 0.0125
3 0.41484375 0.32734375 0.0078125 0.028125