2 0.6234375 0.371875 0.0125 0.03125
2 0.63359375 0.45078125 0.01875 0.0484375
2 0.6265625 0.459375 0.021875 0.04375
2 0.83046875 0.50234375 0.0171875 0.0453125
2 0.546875 0.38046875 0.0125 0.03125
2 0.43671875 0.35390625 0.0140625 0.034375
2 0.78671875 0.4515625 0.015625 0.0375
2 0.7625 0.45703125 0.01875 0.040625
3 0.67109375 0.440625 0.01875 0.0421875
2 0.41796875 0.48984375 0.0234375 0.0546875
2 0.6390625 0.53203125 0.0203125 0.0546875
2 0.8546875 0.6015625 0.0234375 0.0578125
2 0.36640625 0.36640625 0.0171875 0.0421875
2 0.44921875 0.41640625 0.0171875 0.0421875
1 0.0984375 0.37265625 0.0265625 0.0484375
2 0.809375 0.59765625 0.025 0.0625
2 0.221875 0.38671875 0.0171875 0.046875
2 0.44609375 0.61484375 0.028125 0.0671875
2 0.4015625 0.57578125 0.028125 0.065625
2 0.83125 0.65234375 0.028125 0.0640625
2 0.4484375 0.52109375 0.025 0.053125
0 0.253125 0.4859375 0.0109375 0.015625
2 0.33359375 0.396875 0.021875 0.040625
3 0.40703125 0.30078125 0.0125 0.0296875