2 0.36953125 0.6015625 0.0140625 0.0390625
0 0.54921875 0.72578125 0.0078125 0.0109375
2 0.4109375 0.38046875 0.0125 0.040625
2 0.37578125 0.6453125 0.028125 0.0671875
2 0.21640625 0.73125 0.0171875 0.065625
2 0.6328125 0.375 0.0125 0.0390625
1 0.13671875 0.44375 0.01875 0.0453125
2 0.459375 0.5671875 0.015625 0.0515625
2 0.43515625 0.43046875 0.0125 0.0453125
2 0.24609375 0.61484375 0.015625 0.0609375
2 0.34609375 0.42734375 0.015625 0.046875
2 0.3328125 0.43515625 0.0140625 0.0453125
2 0.303125 0.50390625 0.0125 0.0515625
3 0.453125 0.5046875 0.015625 0.05
3 0.87109375 0.909375 0.0265625 0.0828125
2 0.21796875 0.634375 0.0203125 0.0625
2 0.76875 0.62109375 0.021875 0.065625
2 0.42109375 0.69375 0.0296875 0.0703125
2 0.7296875 0.44765625 0.015625 0.0515625
2 0.6 0.50078125 0.0203125 0.046875
2 0.3984375 0.75 0.0171875 0.071875
2 0.55703125 0.70078125 0.0171875 0.06875
2 0.5125 0.5734375 0.0171875 0.05625
2 0.69453125 0.60625 0.01875 0.06875
3 0.4359375 0.296875 0.0125 0.03125