2 0.38515625 0.34453125 0.0125 0.03125
2 0.68515625 0.35859375 0.0140625 0.0375
2 0.39375 0.4515625 0.015625 0.04375
2 0.25390625 0.5140625 0.015625 0.0453125
2 0.40078125 0.39296875 0.0125 0.0375
1 0.865625 0.390625 0.0171875 0.0421875
2 0.3828125 0.7203125 0.0234375 0.0625
2 0.28359375 0.49765625 0.0171875 0.04375
3 0.36875 0.51328125 0.0171875 0.05
2 0.26875 0.43046875 0.0140625 0.040625
2 0.43125 0.41953125 0.015625 0.040625
2 0.67578125 0.54140625 0.01875 0.0515625
2 0.3640625 0.58359375 0.01875 0.053125
2 0.59140625 0.66171875 0.0203125 0.05625
2 0.61640625 0.440625 0.0171875 0.046875
2 0.28984375 0.60859375 0.0203125 0.05625
2 0.23515625 0.61171875 0.01875 0.0578125
2 0.296875 0.72109375 0.025 0.0625
2 0.778125 0.7109375 0.0203125 0.06875
3 0.996875 0.66875 0.00625 0.06875
2 0.8703125 0.5515625 0.021875 0.0609375
2 0.53359375 0.50390625 0.01875 0.0484375
2 0.2125 0.6609375 0.0234375 0.0640625
0 0.69140625 0.38359375 0.00625 0.0078125
3 0.23125 0.3546875 0.0109375 0.028125