2 0.63828125 0.29140625 0.0125 0.0296875
2 0.4015625 0.4546875 0.0125 0.04375
2 0.61953125 0.34765625 0.0125 0.0375
2 0.52109375 0.31953125 0.0125 0.0359375
2 0.584375 0.37109375 0.0125 0.0390625
2 0.4328125 0.38125 0.015625 0.040625
2 0.7265625 0.30390625 0.0125 0.0359375
2 0.41796875 0.40390625 0.0109375 0.0421875
2 0.50078125 0.440625 0.015625 0.05
2 0.75859375 0.34453125 0.015625 0.0390625
2 0.40546875 0.50078125 0.0171875 0.05625
1 0.06484375 0.45703125 0.015625 0.046875
2 0.54921875 0.46640625 0.015625 0.0515625
2 0.6984375 0.38125 0.0140625 0.040625
2 0.66015625 0.3640625 0.0109375 0.040625
3 0.51328125 0.42421875 0.0125 0.0453125
2 0.9171875 0.4171875 0.0171875 0.05
2 0.79453125 0.4046875 0.01875 0.05
2 0.40859375 0.63125 0.0203125 0.0578125
2 0.77109375 0.61953125 0.0203125 0.065625
2 0.46640625 0.72265625 0.0265625 0.06875
0 0.75 0.36171875 0.00625 0.0109375
2 0.4328125 0.37109375 0.0140625 0.0453125
3 0.425 0.290625 0.009375 0.0296875