2 0.675 0.41484375 0.0125 0.040625
2 0.8828125 0.4734375 0.0171875 0.0453125
2 0.62109375 0.41953125 0.0078125 0.04375
2 0.86484375 0.48046875 0.0125 0.0484375
2 0.5296875 0.478125 0.0140625 0.046875
2 0.575 0.5 0.009375 0.05
2 0.41484375 0.37578125 0.0078125 0.0328125
2 0.2359375 0.58515625 0.0109375 0.0546875
3 0.509375 0.4515625 0.0109375 0.04375
2 0.6890625 0.59140625 0.0109375 0.059375
2 0.1734375 0.45703125 0.0109375 0.0421875
2 0.1953125 0.43984375 0.009375 0.0421875
2 0.409375 0.42421875 0.0125 0.0421875
2 0.46015625 0.584375 0.0125 0.0546875
2 0.60703125 0.7 0.021875 0.065625
2 0.365625 0.5328125 0.0140625 0.053125
2 0.115625 0.7140625 0.01875 0.0703125
2 0.53828125 0.6296875 0.0125 0.0609375
2 0.10859375 0.5484375 0.015625 0.0546875
2 0.134375 0.81171875 0.01875 0.0796875
2 0.44375 0.74375 0.0265625 0.0671875
3 0.078125 0.36328125 0.0125 0.040625