2 0.56171875 0.28515625 0.0140625 0.03125
2 0.48125 0.32890625 0.0140625 0.034375
2 0.57578125 0.34609375 0.0125 0.0359375
2 0.40546875 0.39609375 0.0140625 0.0390625
2 0.48046875 0.44921875 0.0171875 0.046875
2 0.609375 0.36328125 0.0140625 0.0375
2 0.534375 0.39140625 0.015625 0.040625
2 0.39765625 0.6515625 0.021875 0.0609375
2 0.51015625 0.478125 0.0171875 0.0484375
2 0.67734375 0.36875 0.0171875 0.040625
2 0.696875 0.30390625 0.0140625 0.0375
2 0.40234375 0.428125 0.0171875 0.0453125
2 0.69921875 0.4171875 0.01875 0.0484375
2 0.3828125 0.48203125 0.01875 0.05
2 0.69921875 0.35 0.0140625 0.0390625
2 0.39375 0.47734375 0.015625 0.0515625
2 0.90546875 0.403125 0.015625 0.0453125
2 0.503125 0.49140625 0.0203125 0.0484375
1 0.07578125 0.48671875 0.01875 0.0453125
2 0.759375 0.63828125 0.0265625 0.0703125
2 0.40703125 0.8140625 0.0296875 0.075
0 0.89609375 0.425 0.00625 0.0109375
2 0.403125 0.2984375 0.0125 0.0296875
2 0.40234375 0.390625 0.015625 0.0390625