2 0.7015625 0.3515625 0.0171875 0.0296875
2 0.4234375 0.4234375 0.01875 0.04375
2 0.66484375 0.39765625 0.01875 0.0375
2 0.58125 0.3375 0.0171875 0.0359375
2 0.6234375 0.4078125 0.0171875 0.0390625
2 0.47734375 0.365625 0.0203125 0.040625
2 0.78046875 0.39375 0.0171875 0.0375
2 0.45546875 0.38203125 0.0171875 0.0421875
2 0.52109375 0.44453125 0.021875 0.05
2 0.79609375 0.44296875 0.0203125 0.0390625
2 0.4109375 0.46796875 0.0234375 0.05625
1 0.10625 0.3109375 0.0203125 0.046875
2 0.5578125 0.48515625 0.021875 0.0515625
2 0.72734375 0.45625 0.01875 0.040625
2 0.696875 0.4265625 0.0171875 0.040625
3 0.53828125 0.4328125 0.0171875 0.0453125
2 0.9203125 0.56484375 0.0234375 0.05
2 0.809375 0.5109375 0.025 0.0515625
2 0.36875 0.5921875 0.028125 0.059375
2 0.7140625 0.7046875 0.0296875 0.065625
2 0.3921875 0.69765625 0.034375 0.06875
0 0.7828125 0.45546875 0.0078125 0.0109375
2 0.48125 0.35625 0.0203125 0.0453125
3 0.5015625 0.27734375 0.0140625 0.03125