2 0.5546875 0.2828125 0.0140625 0.03125
2 0.475 0.3296875 0.0140625 0.034375
2 0.5703125 0.34375 0.0140625 0.0359375
2 0.4015625 0.39921875 0.015625 0.0390625
2 0.47890625 0.45 0.01875 0.046875
2 0.6046875 0.359375 0.015625 0.0375
2 0.53046875 0.390625 0.0171875 0.040625
2 0.40234375 0.6546875 0.0234375 0.0609375
2 0.509375 0.478125 0.01875 0.0484375
2 0.67265625 0.3625 0.01875 0.040625
2 0.68984375 0.29765625 0.015625 0.0375
2 0.4 0.43203125 0.01875 0.0453125
2 0.696875 0.41015625 0.0203125 0.0484375
2 0.38203125 0.4859375 0.0203125 0.05
2 0.69453125 0.34296875 0.0140625 0.0390625
2 0.39296875 0.48125 0.0171875 0.0515625
2 0.90234375 0.3890625 0.0171875 0.0453125
2 0.503125 0.49140625 0.021875 0.0484375
1 0.07578125 0.5015625 0.0203125 0.0453125
2 0.7640625 0.62890625 0.0296875 0.0703125
2 0.41796875 0.8171875 0.03125 0.075
0 0.89296875 0.4109375 0.00625 0.0109375
2 0.39609375 0.3015625 0.0125 0.0296875
2 0.3984375 0.39375 0.015625 0.0390625