2 0.34765625 0.5640625 0.0171875 0.040625
0 0.48984375 0.73046875 0.0078125 0.0125
2 0.4453125 0.36171875 0.015625 0.0421875
2 0.3421875 0.6078125 0.0328125 0.0671875
2 0.16640625 0.65 0.0234375 0.065625
2 0.66015625 0.41328125 0.015625 0.040625
1 0.16328125 0.3515625 0.021875 0.0453125
2 0.44375 0.5546875 0.0203125 0.053125
2 0.45546875 0.415625 0.015625 0.0453125
2 0.225 0.5453125 0.0203125 0.0609375
2 0.3703125 0.38984375 0.01875 0.046875
2 0.35546875 0.39453125 0.0171875 0.046875
2 0.309375 0.453125 0.0171875 0.0515625
3 0.45390625 0.49296875 0.0203125 0.05
3 0.75234375 0.975 0.0328125 0.05
2 0.1921875 0.55703125 0.025 0.0640625
2 0.728125 0.6859375 0.0265625 0.065625
2 0.37421875 0.66640625 0.034375 0.071875
2 0.7359375 0.509375 0.0203125 0.0515625
2 0.59609375 0.5265625 0.0234375 0.0484375
2 0.3375 0.71484375 0.0234375 0.0734375
2 0.503125 0.70859375 0.0234375 0.0703125
2 0.49296875 0.57421875 0.021875 0.05625
2 0.66015625 0.653125 0.025 0.06875
3 0.490625 0.2875 0.0140625 0.0328125