2 0.3859375 0.4125 0.0125 0.04375
2 0.36875 0.4453125 0.0140625 0.0421875
2 0.39453125 0.41796875 0.01875 0.04375
2 0.46015625 0.34296875 0.0140625 0.034375
2 0.64453125 0.39453125 0.0125 0.040625
2 0.45 0.54609375 0.01875 0.0515625
2 0.65625 0.4015625 0.0125 0.0390625
2 0.56640625 0.38046875 0.0140625 0.0390625
2 0.478125 0.42265625 0.0140625 0.040625
2 0.37890625 0.45 0.015625 0.0484375
2 0.63828125 0.4890625 0.015625 0.0515625
3 0.45546875 0.4734375 0.0140625 0.046875
2 0.70625 0.340625 0.0125 0.0390625
2 0.5453125 0.38515625 0.0140625 0.0390625
2 0.34296875 0.50078125 0.0171875 0.0515625
1 0.08046875 0.46484375 0.0203125 0.0484375
2 0.41796875 0.50703125 0.0234375 0.05
2 0.31328125 0.67890625 0.01875 0.0609375
2 0.66484375 0.6875 0.021875 0.0703125
2 0.840625 0.47109375 0.0171875 0.0515625
2 0.2875 0.84375 0.025 0.0796875
3 0.415625 0.28984375 0.0109375 0.028125
2 0.57265625 0.303125 0.0109375 0.0359375