3 0.2796875 0.234375 0.0125 0.03125
2 0.68359375 0.4046875 0.01875 0.05
2 0.69765625 0.36640625 0.0203125 0.046875
2 0.4359375 0.390625 0.0171875 0.05
2 0.69609375 0.40390625 0.0234375 0.053125
2 0.6078125 0.378125 0.015625 0.0421875
2 0.5421875 0.34609375 0.0125 0.04375
2 0.325 0.3 0.0171875 0.04375
2 0.171875 0.33828125 0.0265625 0.053125
2 0.16953125 0.38671875 0.0234375 0.0578125
2 0.43046875 0.4875 0.01875 0.05625
2 0.40390625 0.33671875 0.0171875 0.046875
2 0.28671875 0.95390625 0.025 0.0421875
2 0.61875 0.40625 0.0171875 0.0484375
2 0.1296875 0.4421875 0.028125 0.0609375
3 0.54453125 0.4359375 0.0203125 0.0515625
2 0.46328125 0.41953125 0.025 0.05
2 0.1140625 0.50390625 0.0328125 0.06875
2 0.71171875 0.64765625 0.028125 0.065625
2 0.11484375 0.68203125 0.0328125 0.078125
2 0.76328125 0.584375 0.0234375 0.0609375
2 0.49140625 0.53828125 0.025 0.0640625
2 0.81484375 0.49140625 0.0203125 0.0578125
0 0.68359375 0.36640625 0.00625 0.0109375