2 0.68046875 0.31875 0.01875 0.040625
2 0.28515625 0.4203125 0.0140625 0.0421875
2 0.1734375 0.45234375 0.015625 0.0421875
2 0.2921875 0.42421875 0.0140625 0.040625
1 0.8484375 0.3328125 0.0171875 0.0421875
2 0.6171875 0.403125 0.015625 0.0421875
2 0.7171875 0.34609375 0.0140625 0.0375
2 0.7484375 0.3359375 0.0140625 0.0421875
2 0.1421875 0.5640625 0.021875 0.0609375
2 0.55859375 0.5421875 0.0234375 0.053125
2 0.81328125 0.40859375 0.015625 0.046875
3 0.6546875 0.35 0.015625 0.040625
2 0.82578125 0.37890625 0.0203125 0.0484375
2 0.703125 0.396875 0.015625 0.04375
2 0.27109375 0.42109375 0.0125 0.0390625
2 0.315625 0.48046875 0.01875 0.05
2 0.50546875 0.4171875 0.01875 0.05
2 0.16015625 0.49765625 0.0203125 0.0515625
2 0.565625 0.38125 0.0140625 0.040625
2 0.4890625 0.45234375 0.015625 0.0484375
2 0.159375 0.603125 0.0296875 0.065625
3 0.146875 0.40390625 0.0140625 0.0328125
2 0.74765625 0.3140625 0.0140625 0.034375
0 0.75390625 0.32265625 0.00625 0.0078125