2 0.53359375 0.346875 0.0140625 0.0390625
2 0.215625 0.42109375 0.0125 0.0515625
2 0.3234375 0.38359375 0.0140625 0.040625
2 0.56796875 0.3328125 0.0171875 0.0453125
2 0.5484375 0.3890625 0.0140625 0.0453125
2 0.71875 0.33046875 0.0140625 0.0453125
2 0.28203125 0.43515625 0.015625 0.05
2 0.2890625 0.47734375 0.01875 0.05
2 0.52890625 0.39765625 0.015625 0.05
1 0.840625 0.334375 0.01875 0.046875
2 0.3453125 0.41875 0.01875 0.0515625
2 0.13359375 0.48046875 0.0203125 0.0578125
2 0.46796875 0.3875 0.0140625 0.046875
3 0.4421875 0.4359375 0.015625 0.05625
2 0.815625 0.43984375 0.015625 0.0609375
2 0.10625 0.54296875 0.0203125 0.0671875
2 0.17109375 0.58359375 0.0234375 0.0640625
2 0.6296875 0.4328125 0.0203125 0.0609375
2 0.146875 0.55234375 0.0234375 0.0703125
2 0.325 0.52421875 0.0171875 0.0625
2 0.48359375 0.52734375 0.0234375 0.0609375
2 0.64140625 0.54296875 0.0203125 0.06875
0 0.7171875 0.35 0.00625 0.0109375
3 0.121875 0.3890625 0.0140625 0.0453125