2 0.56171875 0.35390625 0.0125 0.03125
2 0.38515625 0.37265625 0.0109375 0.040625
2 0.634375 0.38828125 0.0109375 0.0375
2 0.39921875 0.38828125 0.009375 0.04375
2 0.39609375 0.4265625 0.009375 0.0453125
2 0.4328125 0.4421875 0.0203125 0.0515625
2 0.42421875 0.4828125 0.0171875 0.0546875
2 0.30625 0.49375 0.015625 0.053125
2 0.65 0.4234375 0.0140625 0.04375
2 0.3796875 0.4578125 0.021875 0.053125
3 0.4578125 0.46640625 0.0140625 0.0515625
1 0.84921875 0.44375 0.0140625 0.046875
1 0.0671875 0.41171875 0.0171875 0.053125
2 0.57421875 0.52265625 0.0125 0.05625
3 0.79453125 0.83828125 0.03125 0.0984375
2 0.76328125 0.5890625 0.015625 0.065625
0 0.84296875 0.4578125 0.00625 0.0109375
2 0.63359375 0.36875 0.009375 0.0359375
2 0.36484375 0.415625 0.0140625 0.046875
2 0.34375 0.40859375 0.0125 0.0375
2 0.35703125 0.41015625 0.0125 0.0453125
2 0.3515625 0.39453125 0.009375 0.0421875
2 0.34140625 0.45078125 0.015625 0.046875
2 0.33359375 0.4421875 0.0109375 0.0421875
2 0.3328125 0.4234375 0.009375 0.0390625
3 0.40859375 0.32890625 0.0078125 0.0296875