2 0.5796875 0.440625 0.0140625 0.0265625
1 0.2375 0.38828125 0.015625 0.0375
2 0.46640625 0.38671875 0.015625 0.03125
2 0.5546875 0.44609375 0.0125 0.03125
2 0.2515625 0.45078125 0.0171875 0.046875
2 0.4828125 0.4578125 0.015625 0.0328125
2 0.3859375 0.40703125 0.01875 0.040625
2 0.3375 0.4515625 0.0171875 0.040625
2 0.70234375 0.46875 0.01875 0.034375
2 0.51953125 0.47109375 0.015625 0.04375
2 0.83984375 0.58046875 0.01875 0.05
2 0.22265625 0.4671875 0.021875 0.0453125
2 0.31796875 0.5296875 0.021875 0.05
2 0.82734375 0.6 0.0203125 0.05625
2 0.66640625 0.62578125 0.03125 0.0578125
2 0.5078125 0.61875 0.0234375 0.053125
2 0.84609375 0.51875 0.021875 0.040625
2 0.04609375 0.5328125 0.021875 0.0546875
3 0.85703125 0.89609375 0.0390625 0.09375
3 0.46171875 0.34609375 0.0125 0.03125
2 0.35 0.409375 0.0171875 0.0421875
2 0.35625 0.4015625 0.0171875 0.0453125
0 0.64375 0.48515625 0.00625 0.0109375
2 0.70703125 0.46328125 0.0140625 0.034375