2 0.27890625 0.51328125 0.0234375 0.040625
2 0.421875 0.421875 0.015625 0.034375
2 0.26171875 0.52734375 0.0203125 0.040625
3 0.4 0.5078125 0.0171875 0.04375
2 0.18828125 0.55234375 0.0171875 0.0421875
2 0.40703125 0.43515625 0.0171875 0.0375
2 0.40546875 0.52578125 0.01875 0.0453125
2 0.109375 0.63515625 0.021875 0.0484375
2 0.6203125 0.40546875 0.015625 0.040625
2 0.13359375 0.60625 0.021875 0.05
2 0.58671875 0.4109375 0.015625 0.0390625
2 0.91171875 0.5671875 0.025 0.0703125
2 0.246875 0.61796875 0.0234375 0.0546875
2 0.9046875 0.45546875 0.0234375 0.0546875
2 0.59140625 0.51015625 0.0203125 0.0546875
2 0.46015625 0.61015625 0.025 0.059375
2 0.93515625 0.571875 0.0265625 0.0703125
2 0.43359375 0.6140625 0.028125 0.05625
2 0.57890625 0.5234375 0.021875 0.0515625
3 0.99375 0.73984375 0.0125 0.0921875
2 0.27265625 0.50390625 0.0171875 0.040625
1 0.325 0.45234375 0.021875 0.0375
2 0.41640625 0.4328125 0.0171875 0.0390625
3 0.490625 0.33671875 0.0125 0.0296875