3 0.1734375 0.29375 0.0125 0.0359375
2 0.36640625 0.3203125 0.0171875 0.034375
2 0.378125 0.3234375 0.0140625 0.0390625
2 0.7703125 0.34921875 0.0109375 0.0375
2 0.72890625 0.35859375 0.0140625 0.040625
2 0.284375 0.33515625 0.0140625 0.0390625
2 0.3953125 0.3453125 0.0171875 0.0421875
1 0.9203125 0.41328125 0.0171875 0.046875
2 0.740625 0.3671875 0.0125 0.04375
2 0.37421875 0.3859375 0.0140625 0.0453125
3 0.6171875 0.36328125 0.015625 0.0453125
2 0.59296875 0.353125 0.0109375 0.040625
2 0.55859375 0.3796875 0.015625 0.040625
2 0.6390625 0.3984375 0.015625 0.0453125
2 0.59765625 0.3953125 0.0140625 0.046875
2 0.8125 0.4515625 0.01875 0.0515625
2 0.79375 0.47265625 0.0203125 0.0484375
2 0.15703125 0.37578125 0.01875 0.0546875
2 0.46875 0.42578125 0.0125 0.05
2 0.18671875 0.4984375 0.0234375 0.06875
2 0.16875 0.44609375 0.01875 0.0625
2 0.39453125 0.53828125 0.025 0.0625