1 0.03671875 0.5203125 0.025 0.05
2 0.5375 0.41171875 0.01875 0.0390625
2 0.6875 0.4125 0.0203125 0.0484375
2 0.54921875 0.4453125 0.0171875 0.0453125
2 0.809375 0.38671875 0.021875 0.04375
2 0.4078125 0.42734375 0.015625 0.0421875
2 0.4203125 0.46171875 0.015625 0.046875
2 0.52421875 0.5578125 0.0203125 0.0578125
2 0.309375 0.49140625 0.0234375 0.0546875
2 0.80859375 0.45234375 0.0265625 0.053125
2 0.79765625 0.43125 0.01875 0.0515625
2 0.58671875 0.46953125 0.0234375 0.046875
2 0.40078125 0.5015625 0.0171875 0.05
2 0.3671875 0.48984375 0.01875 0.046875
2 0.53046875 0.60546875 0.028125 0.059375
2 0.28359375 0.51328125 0.01875 0.0515625
2 0.8734375 0.49765625 0.0265625 0.0640625
2 0.23515625 0.621875 0.0203125 0.0609375
2 0.9359375 0.45859375 0.025 0.0609375
3 0.37265625 0.54609375 0.021875 0.0578125
2 0.20546875 0.71171875 0.034375 0.0734375
0 0.571875 0.44375 0.0078125 0.0125
2 0.303125 0.47421875 0.0171875 0.0484375
3 0.39140625 0.36640625 0.015625 0.0359375