1 0.0359375 0.49609375 0.021875 0.05
2 0.5421875 0.4140625 0.0171875 0.0390625
2 0.6921875 0.42265625 0.0171875 0.0484375
2 0.5515625 0.4484375 0.0140625 0.0453125
2 0.81484375 0.403125 0.01875 0.0421875
2 0.41171875 0.42265625 0.0125 0.0421875
2 0.42265625 0.4578125 0.0140625 0.046875
2 0.52109375 0.559375 0.0171875 0.0578125
2 0.31015625 0.48125 0.0203125 0.0546875
2 0.8109375 0.46875 0.0234375 0.053125
2 0.80078125 0.446875 0.0171875 0.0515625
2 0.58828125 0.47421875 0.0203125 0.0453125
2 0.40078125 0.49609375 0.015625 0.05
2 0.36796875 0.48359375 0.015625 0.046875
2 0.52421875 0.60625 0.025 0.059375
2 0.28359375 0.5015625 0.0171875 0.0515625
2 0.8734375 0.5171875 0.0234375 0.0625
2 0.2296875 0.6078125 0.0171875 0.0609375
2 0.9375 0.48125 0.021875 0.059375
3 0.3703125 0.53984375 0.01875 0.0578125
2 0.19453125 0.69609375 0.03125 0.0734375
0 0.57421875 0.44765625 0.0078125 0.0125
2 0.3046875 0.4640625 0.015625 0.0484375
3 0.39921875 0.3609375 0.0140625 0.0359375