2 0.565625 0.425 0.0109375 0.0265625
1 0.2203125 0.4453125 0.0109375 0.0375
2 0.44375 0.39609375 0.0125 0.0296875
2 0.5421875 0.4359375 0.009375 0.0296875
2 0.246875 0.50390625 0.0125 0.0453125
2 0.47421875 0.4625 0.0125 0.0328125
2 0.36875 0.4328125 0.015625 0.0390625
2 0.33125 0.4859375 0.0140625 0.040625
2 0.69140625 0.42734375 0.015625 0.0328125
2 0.51328125 0.46796875 0.0109375 0.04375
2 0.84921875 0.50859375 0.0140625 0.0484375
2 0.221875 0.52578125 0.0171875 0.04375
2 0.328125 0.5671875 0.0171875 0.0484375
2 0.84140625 0.5296875 0.0140625 0.0546875
2 0.6890625 0.58828125 0.025 0.05625
2 0.5328125 0.61484375 0.0171875 0.0515625
2 0.8421875 0.44609375 0.0171875 0.0390625
2 0.06328125 0.62578125 0.015625 0.053125
3 0.93203125 0.81328125 0.03125 0.0921875
3 0.43046875 0.35703125 0.009375 0.03125
2 0.334375 0.44296875 0.0125 0.0421875
2 0.3390625 0.43359375 0.0125 0.04375
0 0.6375 0.45546875 0.00625 0.0109375
2 0.69453125 0.42109375 0.0109375 0.034375