2 0.1140625 0.59609375 0.0234375 0.0453125
2 0.428125 0.42734375 0.0140625 0.0359375
2 0.40859375 0.4703125 0.0125 0.0359375
2 0.396875 0.51015625 0.01875 0.0421875
2 0.60546875 0.42265625 0.0140625 0.0359375
2 0.45 0.471875 0.015625 0.0390625
2 0.61875 0.41796875 0.0125 0.0390625
2 0.28046875 0.5578125 0.015625 0.046875
2 0.6 0.53046875 0.0171875 0.05
2 0.42265625 0.5421875 0.015625 0.046875
2 0.884375 0.49453125 0.0171875 0.0546875
2 0.61484375 0.52109375 0.0171875 0.05
2 0.40625 0.60625 0.0171875 0.0515625
2 0.88046875 0.578125 0.01875 0.0609375
2 0.41953125 0.61328125 0.0203125 0.0578125
2 0.228125 0.62734375 0.0203125 0.0515625
3 0.94921875 0.746875 0.0265625 0.084375
2 0.8640625 0.58046875 0.0234375 0.0640625
2 0.09296875 0.60625 0.0140625 0.0453125
2 0.103125 0.609375 0.0171875 0.0453125
1 0.3484375 0.43984375 0.015625 0.0375
2 0.41953125 0.4328125 0.015625 0.0375