2 0.446875 0.35234375 0.021875 0.04375
2 0.55390625 0.31015625 0.0203125 0.040625
3 0.22421875 0.38515625 0.01875 0.0421875
2 0.54765625 0.3390625 0.0203125 0.0421875
2 0.5796875 0.32734375 0.021875 0.0421875
2 0.4953125 0.33046875 0.01875 0.0375
2 0.31484375 0.39140625 0.0203125 0.0421875
2 0.478125 0.36875 0.0234375 0.0421875
3 0.57265625 0.378125 0.025 0.0578125
2 0.70390625 0.31328125 0.025 0.053125
2 0.66796875 0.3609375 0.025 0.0515625
2 0.77734375 0.3671875 0.028125 0.0609375
2 0.365625 0.4140625 0.025 0.0546875
2 0.690625 0.35625 0.025 0.0546875
2 0.49453125 0.7625 0.0421875 0.0921875
2 0.84921875 0.43515625 0.034375 0.0703125
2 0.47421875 0.46640625 0.028125 0.059375
2 0.18515625 0.60078125 0.03125 0.071875
2 0.8203125 0.440625 0.0453125 0.078125
2 0.8203125 0.6421875 0.0359375 0.0875
2 0.2234375 0.471875 0.025 0.059375
2 0.64140625 0.48671875 0.034375 0.0671875
0 0.53828125 0.3484375 0.0078125 0.0125