2 0.5515625 0.378125 0.015625 0.0515625
2 0.7015625 0.36484375 0.009375 0.0453125
2 0.75234375 0.43984375 0.0125 0.0578125
2 0.1921875 0.45390625 0.01875 0.0546875
2 0.37265625 0.34375 0.0125 0.0453125
2 0.7984375 0.4671875 0.0125 0.0640625
2 0.78359375 0.4921875 0.015625 0.0640625
2 0.69140625 0.47265625 0.0125 0.0578125
2 0.69921875 0.56796875 0.015625 0.0703125
3 0.5921875 0.5203125 0.0140625 0.0703125
2 0.46328125 0.46015625 0.0140625 0.0546875
2 0.409375 0.4375 0.0171875 0.053125
2 0.6109375 0.4609375 0.0140625 0.059375
2 0.5015625 0.6015625 0.0140625 0.0765625
2 0.190625 0.70234375 0.0203125 0.0953125
2 0.47734375 0.78125 0.0296875 0.090625
2 0.40078125 0.521875 0.0140625 0.065625
2 0.84453125 0.63203125 0.0171875 0.078125
2 0.575 0.66953125 0.015625 0.084375
2 0.74453125 0.67734375 0.0203125 0.084375
3 0.95703125 0.86171875 0.0328125 0.109375
0 0.22109375 0.47265625 0.009375 0.0125
3 0.34375 0.28984375 0.0078125 0.0359375
2 0.640625 0.315625 0.009375 0.0375