2 0.50390625 0.34296875 0.0171875 0.04375
2 0.61875 0.3421875 0.015625 0.040625
3 0.28359375 0.29375 0.0140625 0.0421875
2 0.60234375 0.3671875 0.015625 0.0421875
2 0.6359375 0.3671875 0.0171875 0.0421875
2 0.55625 0.33984375 0.015625 0.0375
2 0.36640625 0.3328125 0.015625 0.0421875
2 0.52734375 0.36953125 0.01875 0.040625
3 0.61171875 0.4125 0.0171875 0.0578125
2 0.75703125 0.3984375 0.01875 0.0515625
2 0.70703125 0.43046875 0.01875 0.0515625
2 0.80703125 0.47578125 0.021875 0.0609375
2 0.40546875 0.371875 0.01875 0.0546875
2 0.7296875 0.43359375 0.0203125 0.0546875
2 0.40078125 0.74296875 0.03125 0.0921875
2 0.84921875 0.56484375 0.0265625 0.0703125
2 0.4875 0.459375 0.0203125 0.0578125
2 0.1703125 0.48125 0.0234375 0.071875
2 0.8203125 0.559375 0.0375 0.0765625
2 0.7484375 0.74765625 0.025 0.0875
2 0.2515625 0.37421875 0.01875 0.059375
2 0.63671875 0.53828125 0.0265625 0.0671875
0 0.58984375 0.37265625 0.00625 0.0109375