2 0.47109375 0.4546875 0.015625 0.0328125
2 0.434375 0.478125 0.0171875 0.040625
2 0.6296875 0.52734375 0.0140625 0.0390625
2 0.74296875 0.53125 0.015625 0.040625
1 0.159375 0.459375 0.015625 0.0453125
2 0.13671875 0.51171875 0.015625 0.0390625
2 0.63359375 0.578125 0.015625 0.0453125
2 0.4625 0.51796875 0.0140625 0.0421875
2 0.31640625 0.4390625 0.0125 0.0359375
2 0.753125 0.6203125 0.0203125 0.046875
2 0.3765625 0.53828125 0.0203125 0.0453125
3 0.51796875 0.49921875 0.0140625 0.0390625
2 0.6828125 0.5734375 0.0140625 0.04375
2 0.25703125 0.65703125 0.0171875 0.05625
2 0.31171875 0.58515625 0.0171875 0.0515625
2 0.69921875 0.69609375 0.01875 0.0578125
2 0.55390625 0.71953125 0.021875 0.0609375
2 0.83671875 0.66796875 0.0203125 0.05625
3 0.8140625 0.83359375 0.028125 0.071875
0 0.14609375 0.53515625 0.009375 0.0140625
3 0.39375 0.37421875 0.0109375 0.025
2 0.4921875 0.42109375 0.015625 0.0328125
2 0.540625 0.45078125 0.0140625 0.0359375
2 0.703125 0.47421875 0.0140625 0.034375
2 0.69765625 0.4796875 0.0125 0.0328125