2 0.56640625 0.35546875 0.0125 0.03125
2 0.3890625 0.36875 0.0125 0.040625
2 0.63828125 0.39296875 0.0125 0.0375
2 0.403125 0.38515625 0.0109375 0.04375
2 0.39921875 0.4234375 0.0109375 0.0453125
2 0.434375 0.43984375 0.021875 0.0515625
2 0.425 0.4796875 0.01875 0.0546875
2 0.30703125 0.4875 0.0171875 0.0546875
2 0.65234375 0.428125 0.015625 0.04375
2 0.38125 0.453125 0.0234375 0.0546875
3 0.459375 0.46484375 0.015625 0.0515625
1 0.85078125 0.45546875 0.015625 0.046875
1 0.0703125 0.39609375 0.01875 0.0546875
2 0.5734375 0.52578125 0.0140625 0.05625
3 0.7828125 0.8484375 0.034375 0.0984375
2 0.76015625 0.5984375 0.0171875 0.065625
0 0.84453125 0.4703125 0.00625 0.0109375
2 0.63828125 0.3734375 0.0109375 0.0359375
2 0.36796875 0.4109375 0.015625 0.046875
2 0.346875 0.403125 0.0140625 0.0375
2 0.36015625 0.4046875 0.0140625 0.0453125
2 0.3546875 0.38984375 0.0109375 0.0421875
2 0.34296875 0.4453125 0.0171875 0.046875
2 0.3359375 0.4359375 0.0125 0.0421875
2 0.3359375 0.41796875 0.0109375 0.0390625
3 0.4140625 0.32578125 0.009375 0.0296875