2 0.3390625 0.225 0.0171875 0.040625
2 0.24296875 0.2359375 0.0171875 0.0453125
2 0.36640625 0.24921875 0.0171875 0.040625
2 0.24921875 0.26484375 0.0203125 0.0484375
1 0.98671875 0.434375 0.021875 0.05
0 0.81484375 0.62109375 0.009375 0.0125
2 0.48671875 0.2703125 0.0171875 0.0421875
2 0.6546875 0.32734375 0.0171875 0.0453125
2 0.5265625 0.26875 0.0171875 0.04375
2 0.1890625 0.31171875 0.021875 0.0578125
2 0.109375 0.53515625 0.04375 0.0796875
2 0.6265625 0.30234375 0.01875 0.0484375
2 0.17890625 0.29140625 0.021875 0.0578125
2 0.26328125 0.37265625 0.0296875 0.065625
3 0.31640625 0.33671875 0.025 0.0609375
2 0.3125 0.48515625 0.0296875 0.0765625
2 0.45078125 0.37890625 0.0265625 0.0578125
2 0.43671875 0.4734375 0.028125 0.0640625
2 0.61328125 0.45703125 0.025 0.065625
2 0.22734375 0.734375 0.046875 0.1046875
2 0.5265625 0.4390625 0.03125 0.065625
2 0.6828125 0.52734375 0.028125 0.0703125
2 0.88515625 0.5984375 0.034375 0.0796875