2 0.63671875 0.14375 0.028125 0.05625
2 0.634375 0.16875 0.0265625 0.0640625
2 0.61875 0.16171875 0.0296875 0.0671875
2 0.675 0.18046875 0.03125 0.0578125
2 0.6859375 0.23046875 0.0390625 0.084375
2 0.37734375 0.1671875 0.021875 0.0609375
2 0.734375 0.16953125 0.0265625 0.075
2 0.14453125 0.26328125 0.028125 0.071875
2 0.24609375 0.2453125 0.028125 0.0671875
2 0.515625 0.19296875 0.0328125 0.0609375
2 0.24921875 0.30546875 0.03125 0.071875
2 0.35625 0.2234375 0.0296875 0.071875
2 0.76171875 0.20078125 0.028125 0.075
2 0.4578125 0.23203125 0.0359375 0.0609375
2 0.55703125 0.20390625 0.034375 0.0734375
3 0.415625 0.2765625 0.0359375 0.08125
2 0.42734375 0.2359375 0.0296875 0.0703125
2 0.16328125 0.31875 0.0296875 0.0796875
2 0.36328125 0.37421875 0.0390625 0.0796875
2 0.83359375 0.23984375 0.034375 0.08125
3 0.11328125 0.2046875 0.028125 0.06875
2 0.6171875 0.14375 0.0328125 0.065625