2 0.340625 0.978125 0.028125 0.04375
2 0.146875 0.2609375 0.0125 0.04375
2 0.1015625 0.3640625 0.0140625 0.034375
2 0.1453125 0.29375 0.0140625 0.0453125
2 0.27421875 0.3171875 0.0125 0.0515625
0 0.665625 0.5625 0.0078125 0.0125
2 0.578125 0.23671875 0.0109375 0.0421875
2 0.48671875 0.3328125 0.01875 0.0546875
2 0.49609375 0.28671875 0.0140625 0.0515625
1 0.92578125 0.29609375 0.0171875 0.0546875
2 0.10859375 0.45390625 0.0171875 0.0578125
2 0.5296875 0.35546875 0.015625 0.059375
2 0.1125 0.3984375 0.021875 0.05625
2 0.47109375 0.4171875 0.0171875 0.0671875
2 0.6578125 0.309375 0.0125 0.0546875
2 0.446875 0.37734375 0.015625 0.0578125
2 0.2515625 0.35859375 0.0171875 0.0546875
2 0.4828125 0.478125 0.01875 0.075
2 0.39453125 0.6234375 0.034375 0.090625
2 0.346875 0.51796875 0.0265625 0.071875
2 0.88828125 0.5109375 0.0234375 0.090625
3 0.28203125 0.3921875 0.01875 0.065625
2 0.66328125 0.38515625 0.0171875 0.0703125
2 0.65390625 0.68359375 0.0265625 0.1015625
3 0.09140625 0.24921875 0.0140625 0.046875