2 0.6 0.18984375 0.0234375 0.059375
3 0.21015625 0.14296875 0.0171875 0.0625
2 0.59453125 0.20546875 0.0296875 0.071875
2 0.540625 0.16171875 0.0234375 0.0578125
2 0.378125 0.2 0.021875 0.0703125
2 0.315625 0.19765625 0.0171875 0.0671875
2 0.43203125 0.19375 0.015625 0.065625
2 0.278125 0.25234375 0.0171875 0.071875
2 0.496875 0.17890625 0.0171875 0.0609375
2 0.52734375 0.190625 0.0203125 0.0625
2 0.25234375 0.19921875 0.0171875 0.071875
2 0.65859375 0.1671875 0.025 0.065625
2 0.76640625 0.19140625 0.0171875 0.0703125
2 0.28984375 0.31328125 0.0234375 0.0859375
3 0.44453125 0.2671875 0.021875 0.08125
2 0.46640625 0.22734375 0.0171875 0.0734375
2 0.2234375 0.2546875 0.0234375 0.0765625
2 0.7921875 0.2375 0.0265625 0.078125
2 0.64296875 0.20546875 0.03125 0.0640625
2 0.75859375 0.31171875 0.021875 0.0859375
2 0.6921875 0.27421875 0.034375 0.0796875
2 0.375 0.1640625 0.025 0.0640625
0 0.54765625 0.13515625 0.0046875 0.009375