2 0.48984375 0.2015625 0.0109375 0.040625
3 0.3140625 0.1875 0.0140625 0.046875
2 0.303125 0.2296875 0.0125 0.0484375
2 0.2125 0.3515625 0.0171875 0.06875
2 0.7140625 0.27578125 0.01875 0.0515625
2 0.56171875 0.2609375 0.015625 0.05
2 0.5953125 0.2921875 0.0171875 0.0515625
3 0.375 0.3703125 0.015625 0.071875
2 0.57109375 0.5 0.01875 0.08125
2 0.3921875 0.27578125 0.0125 0.0546875
2 0.24140625 0.2921875 0.015625 0.059375
2 0.63359375 0.31640625 0.0140625 0.059375
2 0.36640625 0.246875 0.01875 0.05
2 0.26328125 0.2984375 0.0171875 0.0578125
2 0.83828125 0.39453125 0.0203125 0.065625
2 0.5265625 0.44140625 0.0265625 0.0765625
2 0.40625 0.3375 0.0203125 0.053125
2 0.396875 0.4109375 0.01875 0.071875
2 0.8875 0.56484375 0.025 0.0953125
2 0.13671875 0.45390625 0.025 0.08125
2 0.17109375 0.56875 0.025 0.096875
2 0.40625 0.715625 0.040625 0.109375
0 0.75 0.3390625 0.0078125 0.0140625