2 0.221875 0.925 0.0359375 0.0546875
2 0.22109375 0.178125 0.01875 0.04375
2 0.15078125 0.265625 0.01875 0.0359375
2 0.21015625 0.209375 0.0203125 0.0453125
2 0.3296875 0.26484375 0.0203125 0.0515625
0 0.64453125 0.603125 0.009375 0.0125
2 0.64296875 0.26640625 0.0171875 0.0421875
2 0.53046875 0.334375 0.0265625 0.05625
2 0.5515625 0.29296875 0.021875 0.0515625
1 0.9640625 0.41328125 0.025 0.05625
2 0.134375 0.3546875 0.0265625 0.059375
2 0.56640625 0.36796875 0.025 0.059375
2 0.1515625 0.3015625 0.03125 0.0578125
2 0.49375 0.4125 0.0265625 0.0671875
2 0.7015625 0.35703125 0.021875 0.0546875
2 0.48046875 0.36796875 0.0234375 0.0578125
2 0.296875 0.29921875 0.025 0.05625
2 0.48828125 0.47421875 0.0296875 0.0765625
2 0.36640625 0.5921875 0.0484375 0.09375
2 0.34765625 0.478125 0.0375 0.0734375
2 0.87265625 0.6109375 0.0375 0.090625
3 0.31796875 0.33984375 0.028125 0.0671875
2 0.6875 0.43125 0.028125 0.071875
2 0.60078125 0.7171875 0.0421875 0.103125
3 0.1703125 0.15234375 0.0203125 0.046875