2 0.58671875 0.25390625 0.0125 0.0359375
2 0.55703125 0.29921875 0.0125 0.0296875
2 0.68671875 0.23671875 0.0125 0.0375
2 0.7234375 0.24609375 0.009375 0.040625
2 0.25390625 0.26171875 0.0078125 0.040625
2 0.421875 0.25078125 0.0109375 0.0375
2 0.271875 0.28515625 0.01875 0.04375
3 0.21484375 0.240625 0.0140625 0.0359375
2 0.746875 0.2625 0.0125 0.040625
2 0.64140625 0.3609375 0.0140625 0.0578125
2 0.76328125 0.27578125 0.0125 0.05
2 0.82578125 0.33203125 0.0140625 0.0609375
2 0.6296875 0.28828125 0.0125 0.0484375
2 0.55625 0.33359375 0.015625 0.0546875
3 0.5109375 0.30625 0.0125 0.053125
2 0.46484375 0.33984375 0.0125 0.0546875
2 0.3703125 0.421875 0.0171875 0.0625
2 0.70703125 0.34453125 0.0125 0.059375
2 0.80078125 0.425 0.0171875 0.06875
2 0.1171875 0.33671875 0.015625 0.0546875
2 0.5859375 0.42421875 0.0171875 0.06875
2 0.8578125 0.421875 0.0140625 0.0671875
0 0.4078125 0.271875 0.0046875 0.0109375