0 0.57578125 0.63828125 0.0078125 0.0125
2 0.3203125 0.28359375 0.0125 0.0375
2 0.61484375 0.37734375 0.0140625 0.046875
2 0.25859375 0.35078125 0.0140625 0.05
2 0.21015625 0.36875 0.0171875 0.0515625
2 0.56015625 0.53046875 0.0203125 0.0625
2 0.60703125 0.44375 0.0203125 0.05
2 0.49453125 0.30703125 0.0140625 0.0390625
2 0.1046875 0.4921875 0.025 0.0765625
2 0.43359375 0.3125 0.0140625 0.0421875
2 0.596875 0.35234375 0.0140625 0.046875
3 0.2828125 0.41640625 0.0203125 0.0609375
2 0.19453125 0.3875 0.01875 0.0609375
1 0.90546875 0.45 0.01875 0.05625
3 0.94375 0.709375 0.0234375 0.075
2 0.57734375 0.5546875 0.0234375 0.06875
2 0.26328125 0.58515625 0.0265625 0.078125
2 0.5109375 0.67421875 0.0375 0.0734375
2 0.14765625 0.58203125 0.0265625 0.0828125
2 0.5765625 0.6859375 0.028125 0.0859375
2 0.77109375 0.62421875 0.0265625 0.078125
2 0.8875 0.671875 0.0359375 0.0890625
3 0.21953125 0.2453125 0.015625 0.0375
2 0.2609375 0.30546875 0.0140625 0.040625
2 0.2546875 0.30234375 0.0125 0.040625