2 0.72734375 0.26171875 0.009375 0.0453125
2 0.7203125 0.26484375 0.009375 0.0453125
2 0.5921875 0.20703125 0.0125 0.034375
2 0.7546875 0.2890625 0.0109375 0.046875
2 0.61875 0.22265625 0.0171875 0.0359375
2 0.78515625 0.30546875 0.009375 0.046875
2 0.6640625 0.2796875 0.0109375 0.0515625
3 0.5203125 0.2359375 0.0078125 0.0421875
2 0.58046875 0.24296875 0.0109375 0.0421875
2 0.7484375 0.328125 0.009375 0.0546875
2 0.42265625 0.22421875 0.009375 0.040625
2 0.765625 0.32890625 0.0109375 0.0515625
2 0.6765625 0.35078125 0.0171875 0.0546875
2 0.14296875 0.28828125 0.0125 0.053125
2 0.1671875 0.36171875 0.01875 0.065625
2 0.4796875 0.30703125 0.01875 0.05
2 0.40546875 0.29765625 0.015625 0.0515625
2 0.16015625 0.2875 0.0125 0.0546875
0 0.609375 0.23671875 0.00625 0.0109375
2 0.58203125 0.2078125 0.0140625 0.0375
1 0.8125 0.2921875 0.0140625 0.0421875
2 0.6640625 0.26015625 0.0140625 0.04375