2 0.40078125 0.3140625 0.021875 0.04375
2 0.478125 0.24921875 0.0171875 0.0390625
2 0.69296875 0.41484375 0.0234375 0.0484375
2 0.19609375 0.38984375 0.0234375 0.040625
2 0.39453125 0.3421875 0.0234375 0.0578125
2 0.3828125 0.26328125 0.01875 0.0421875
2 0.578125 0.33046875 0.021875 0.0421875
2 0.1859375 0.43125 0.0328125 0.075
2 0.5109375 0.3390625 0.0203125 0.046875
2 0.76953125 0.35234375 0.0203125 0.046875
2 0.4765625 0.4375 0.028125 0.065625
2 0.6828125 0.42890625 0.025 0.05625
2 0.86484375 0.4765625 0.025 0.0609375
2 0.2796875 0.33671875 0.03125 0.0625
2 0.26015625 0.315625 0.0265625 0.0609375
2 0.47265625 0.71953125 0.040625 0.0984375
2 0.23359375 0.36484375 0.0328125 0.0671875
2 0.58828125 0.47890625 0.0296875 0.0734375
3 0.390625 0.421875 0.0296875 0.0703125
2 0.49765625 0.47578125 0.0328125 0.0703125
2 0.8453125 0.6625 0.040625 0.0890625
3 0.36015625 0.2046875 0.0203125 0.0421875
0 0.69375 0.4328125 0.009375 0.0140625