0 0.60859375 0.35546875 0.0078125 0.0109375
2 0.384375 0.27734375 0.0171875 0.0390625
2 0.3234375 0.27421875 0.0203125 0.0390625
2 0.42890625 0.2640625 0.01875 0.0453125
2 0.17265625 0.3375 0.0203125 0.0453125
2 0.5734375 0.23984375 0.01875 0.04375
2 0.41484375 0.275 0.01875 0.04375
3 0.3 0.3640625 0.021875 0.05
1 0.89375 0.21640625 0.025 0.053125
2 0.5546875 0.2421875 0.025 0.0484375
2 0.5671875 0.325 0.0234375 0.0515625
2 0.33359375 0.390625 0.028125 0.05625
2 0.24296875 0.340625 0.0234375 0.05
2 0.12109375 0.41484375 0.025 0.05625
2 0.134375 0.41171875 0.025 0.0546875
2 0.85625 0.34765625 0.0328125 0.0734375
2 0.42109375 0.4328125 0.0234375 0.0578125
2 0.5796875 0.41015625 0.0359375 0.06875
2 0.61171875 0.3265625 0.025 0.0609375
2 0.2 0.57421875 0.034375 0.078125
2 0.39140625 0.76796875 0.053125 0.1078125
2 0.384375 0.36484375 0.0234375 0.0515625
2 0.3328125 0.55546875 0.0390625 0.08125
3 0.10234375 0.33203125 0.0234375 0.0453125