3 0.2 0.13515625 0.0171875 0.05625
2 0.44765625 0.1640625 0.0203125 0.0484375
2 0.5671875 0.190625 0.01875 0.0453125
2 0.634375 0.18125 0.0140625 0.05
2 0.71171875 0.1984375 0.015625 0.0515625
2 0.55078125 0.20625 0.0234375 0.0515625
2 0.29296875 0.17109375 0.015625 0.05625
2 0.48671875 0.19140625 0.021875 0.065625
2 0.47265625 0.19296875 0.01875 0.059375
2 0.68046875 0.2046875 0.0171875 0.0453125
2 0.22265625 0.16875 0.01875 0.0578125
2 0.6578125 0.175 0.0171875 0.0453125
2 0.15625 0.234375 0.0203125 0.0703125
2 0.72578125 0.21640625 0.0234375 0.046875
2 0.30625 0.24375 0.021875 0.0671875
2 0.7953125 0.26875 0.0203125 0.0671875
3 0.57734375 0.24921875 0.021875 0.065625
2 0.65390625 0.24375 0.01875 0.065625
2 0.27578125 0.34921875 0.0234375 0.0859375
2 0.77578125 0.35 0.0203125 0.0765625
2 0.4703125 0.31875 0.0234375 0.0796875
2 0.86640625 0.35546875 0.021875 0.075