0 0.58515625 0.6328125 0.0078125 0.0125
2 0.30546875 0.296875 0.0109375 0.0375
2 0.60625 0.36953125 0.0125 0.0453125
2 0.2484375 0.36796875 0.0109375 0.05
2 0.2015625 0.3890625 0.0140625 0.05
2 0.56171875 0.52578125 0.0171875 0.0625
2 0.60234375 0.43671875 0.0171875 0.05
2 0.48125 0.3078125 0.0109375 0.0390625
2 0.10546875 0.5203125 0.0203125 0.075
2 0.4203125 0.3171875 0.0109375 0.040625
2 0.5859375 0.34609375 0.0109375 0.046875
3 0.27734375 0.43203125 0.015625 0.0609375
2 0.1875 0.409375 0.0140625 0.059375
1 0.90078125 0.421875 0.0140625 0.05625
3 0.95703125 0.678125 0.01875 0.075
2 0.58125 0.54921875 0.01875 0.06875
2 0.2703125 0.6015625 0.021875 0.078125
2 0.52265625 0.6734375 0.0328125 0.071875
2 0.15390625 0.60625 0.0203125 0.0828125
2 0.5890625 0.6796875 0.021875 0.084375
2 0.77890625 0.6046875 0.021875 0.0765625
2 0.8984375 0.64453125 0.0296875 0.0875
3 0.20234375 0.265625 0.0140625 0.0359375
2 0.24765625 0.32265625 0.0109375 0.040625
2 0.24140625 0.31953125 0.009375 0.040625