2 0.70546875 0.2796875 0.0171875 0.0390625
3 0.27109375 0.17421875 0.0171875 0.040625
2 0.725 0.296875 0.021875 0.0375
2 0.68203125 0.39375 0.0265625 0.0515625
2 0.7390625 0.3953125 0.0265625 0.053125
2 0.7265625 0.3234375 0.021875 0.0421875
3 0.57109375 0.3234375 0.028125 0.0515625
2 0.63515625 0.309375 0.025 0.0421875
2 0.4890625 0.3125 0.021875 0.0484375
2 0.409375 0.2296875 0.01875 0.040625
2 0.2515625 0.19453125 0.01875 0.040625
2 0.47734375 0.2453125 0.0234375 0.04375
2 0.6671875 0.3046875 0.0203125 0.04375
2 0.5125 0.4265625 0.03125 0.059375
2 0.459375 0.24765625 0.021875 0.046875
2 0.84765625 0.4625 0.0390625 0.0546875
2 0.8265625 0.459375 0.025 0.0546875
2 0.715625 0.459375 0.0328125 0.0625
2 0.86796875 0.40625 0.0265625 0.053125
2 0.60234375 0.35546875 0.0296875 0.053125
2 0.20390625 0.27578125 0.03125 0.0625
2 0.721875 0.3484375 0.025 0.046875