2 0.59921875 0.25859375 0.0125 0.0359375
2 0.5671875 0.30234375 0.0109375 0.0296875
2 0.70078125 0.246875 0.0109375 0.0375
2 0.7359375 0.2578125 0.009375 0.040625
2 0.2671875 0.24921875 0.0078125 0.040625
2 0.43515625 0.246875 0.009375 0.0375
2 0.28359375 0.2734375 0.0171875 0.04375
3 0.22890625 0.22578125 0.0140625 0.0359375
2 0.75859375 0.27578125 0.0125 0.040625
2 0.6484375 0.36796875 0.0125 0.0578125
2 0.775 0.28984375 0.0109375 0.05
2 0.83359375 0.34921875 0.0125 0.0609375
2 0.640625 0.2953125 0.0109375 0.0484375
2 0.56484375 0.33671875 0.0140625 0.0546875
3 0.52109375 0.30703125 0.0125 0.053125
2 0.4734375 0.33828125 0.0125 0.0546875
2 0.375 0.41484375 0.015625 0.0625
2 0.71484375 0.35546875 0.0125 0.059375
2 0.80390625 0.440625 0.015625 0.06875
2 0.1265625 0.3171875 0.015625 0.0546875
2 0.58984375 0.42890625 0.015625 0.06875
2 0.8609375 0.440625 0.0140625 0.0671875
0 0.41953125 0.2671875 0.0046875 0.0109375