3 0.2296875 0.24609375 0.0109375 0.040625
2 0.52109375 0.34140625 0.015625 0.053125
2 0.60625 0.28046875 0.0125 0.0375
2 0.61796875 0.2875 0.015625 0.0453125
2 0.5921875 0.27109375 0.015625 0.0421875
2 0.52265625 0.36875 0.0140625 0.0546875
2 0.690625 0.28203125 0.0125 0.0453125
3 0.4765625 0.31015625 0.015625 0.05
2 0.4734375 0.26640625 0.0109375 0.0421875
2 0.63046875 0.33125 0.0125 0.053125
2 0.24296875 0.3015625 0.0109375 0.046875
2 0.51015625 0.40859375 0.0140625 0.0625
2 0.33203125 0.39140625 0.021875 0.0546875
2 0.5546875 0.41328125 0.015625 0.0625
2 0.16484375 0.36328125 0.0140625 0.05625
2 0.74140625 0.33515625 0.0140625 0.053125
2 0.33125 0.48046875 0.01875 0.075
2 0.69296875 0.38125 0.01875 0.0640625
2 0.80390625 0.5203125 0.01875 0.0765625
2 0.696875 0.54296875 0.021875 0.08125
2 0.8078125 0.38515625 0.0171875 0.0640625
2 0.53671875 0.5171875 0.0234375 0.0703125
0 0.1734375 0.378125 0.00625 0.0109375