2 0.64609375 0.23671875 0.009375 0.0390625
3 0.19921875 0.23984375 0.009375 0.0390625
2 0.66875 0.2484375 0.0140625 0.0359375
2 0.65078125 0.353125 0.0171875 0.05
2 0.70625 0.340625 0.015625 0.0515625
2 0.67734375 0.2734375 0.0140625 0.040625
3 0.5265625 0.3109375 0.01875 0.0484375
2 0.58515625 0.28203125 0.0171875 0.0390625
2 0.44375 0.3203125 0.0125 0.046875
2 0.346875 0.259375 0.0109375 0.0390625
2 0.18515625 0.2640625 0.0109375 0.040625
2 0.41640625 0.25859375 0.015625 0.0421875
2 0.61484375 0.26953125 0.0125 0.04375
2 0.49375 0.42578125 0.0203125 0.05625
2 0.4 0.26484375 0.0125 0.0453125
2 0.828125 0.3796875 0.0296875 0.05
2 0.80703125 0.38125 0.015625 0.053125
2 0.69921875 0.40859375 0.021875 0.059375
2 0.834375 0.31953125 0.015625 0.0515625
2 0.5640625 0.33515625 0.0203125 0.05
2 0.15859375 0.3546875 0.01875 0.0609375
2 0.67890625 0.29921875 0.015625 0.04375