2 0.67890625 0.315625 0.0125 0.028125
2 0.90234375 0.5625 0.021875 0.0484375
2 0.56640625 0.31328125 0.0171875 0.0328125
2 0.403125 0.475 0.0234375 0.05
1 0.28828125 0.31015625 0.021875 0.0453125
2 0.6703125 0.39921875 0.0234375 0.040625
2 0.90859375 0.41328125 0.0140625 0.0296875
2 0.315625 0.45234375 0.03125 0.053125
2 0.50390625 0.35078125 0.01875 0.0390625
2 0.2703125 0.48671875 0.0296875 0.0546875
2 0.37421875 0.62890625 0.0375 0.0671875
2 0.45390625 0.35859375 0.0234375 0.0421875
2 0.42734375 0.51875 0.0328125 0.059375
2 0.6359375 0.3890625 0.0234375 0.0421875
2 0.23046875 0.58828125 0.03125 0.0671875
2 0.19140625 0.65546875 0.0359375 0.0671875
2 0.75390625 0.67890625 0.025 0.0578125
2 0.36484375 0.4484375 0.03125 0.05625
2 0.71640625 0.5734375 0.0234375 0.053125
3 0.47890625 0.47421875 0.0265625 0.0515625
2 0.40078125 0.609375 0.0375 0.059375
2 0.31953125 0.4375 0.0203125 0.046875
0 0.3671875 0.64765625 0.0109375 0.015625
3 0.615625 0.2625 0.0125 0.028125