2 0.43359375 0.23359375 0.0078125 0.03125
2 0.33359375 0.3546875 0.0125 0.0453125
2 0.65078125 0.28828125 0.009375 0.03125
2 0.38828125 0.2796875 0.0109375 0.034375
3 0.90234375 0.97265625 0.0234375 0.0546875
2 0.50390625 0.4828125 0.0125 0.05625
2 0.3734375 0.39375 0.0140625 0.0421875
2 0.51796875 0.33828125 0.0140625 0.0359375
2 0.3265625 0.3890625 0.0125 0.05
2 0.3375 0.38359375 0.0140625 0.046875
1 0.109375 0.3640625 0.01875 0.0484375
2 0.471875 0.375 0.015625 0.0484375
2 0.434375 0.4109375 0.0140625 0.0484375
2 0.67734375 0.43515625 0.0125 0.04375
3 0.3671875 0.459375 0.0109375 0.0546875
2 0.43203125 0.478125 0.0109375 0.0484375
2 0.72890625 0.465625 0.0203125 0.0515625
2 0.27890625 0.4421875 0.015625 0.05
2 0.271875 0.62265625 0.0203125 0.0609375
2 0.65546875 0.5640625 0.01875 0.0625
2 0.75078125 0.60703125 0.01875 0.06875
2 0.334375 0.8421875 0.025 0.0765625
0 0.71328125 0.48125 0.00625 0.0125
2 0.50234375 0.45 0.015625 0.0453125
3 0.4234375 0.22421875 0.0109375 0.028125