2 0.61171875 0.3671875 0.009375 0.0359375
2 0.5390625 0.33046875 0.009375 0.03125
2 0.4078125 0.33125 0.009375 0.025
2 0.6390625 0.40078125 0.0125 0.0390625
1 0.81875 0.39765625 0.009375 0.0375
2 0.49375 0.33046875 0.009375 0.0296875
2 0.559375 0.3421875 0.009375 0.0328125
2 0.59296875 0.36953125 0.009375 0.0328125
2 0.42890625 0.4 0.0109375 0.0359375
2 0.54765625 0.40546875 0.0125 0.0421875
3 0.5125 0.3609375 0.009375 0.034375
2 0.3984375 0.3296875 0.009375 0.03125
2 0.18671875 0.4 0.0109375 0.0359375
2 0.5375 0.4328125 0.0125 0.040625
2 0.65 0.415625 0.0125 0.040625
2 0.62734375 0.4875 0.0140625 0.04375
2 0.68125 0.45703125 0.0125 0.046875
2 0.28984375 0.43828125 0.0109375 0.0453125
2 0.70703125 0.4546875 0.0140625 0.040625
2 0.58984375 0.621875 0.0140625 0.0546875
2 0.175 0.446875 0.0140625 0.0453125
2 0.1421875 0.4859375 0.0140625 0.04375
3 0.2 0.31796875 0.009375 0.0296875