2 0.21015625 0.62578125 0.015625 0.046875
2 0.3125 0.47734375 0.0171875 0.04375
2 0.33125 0.42421875 0.0109375 0.040625
2 0.2890625 0.4890625 0.0125 0.0453125
2 0.440625 0.44921875 0.0109375 0.04375
0 0.43046875 0.68125 0.0078125 0.0125
2 0.771875 0.43671875 0.0171875 0.0578125
2 0.4828125 0.4171875 0.0140625 0.0453125
2 0.20859375 0.66484375 0.021875 0.059375
2 0.2125 0.52578125 0.0171875 0.046875
2 0.6953125 0.5734375 0.0140625 0.0578125
2 0.5703125 0.4921875 0.0171875 0.0546875
3 0.82578125 0.90078125 0.0328125 0.078125
3 0.41640625 0.5 0.0140625 0.05
2 0.23046875 0.671875 0.0203125 0.0609375
2 0.79375 0.69765625 0.0234375 0.0671875
2 0.38203125 0.63125 0.0203125 0.0546875
2 0.59296875 0.33359375 0.0125 0.0390625
2 0.40234375 0.65390625 0.028125 0.0625
2 0.19765625 0.61796875 0.0171875 0.0484375
1 0.240625 0.36640625 0.015625 0.0375
2 0.4359375 0.34921875 0.0125 0.0359375
2 0.33359375 0.4125 0.0140625 0.0359375
3 0.47265625 0.24921875 0.0109375 0.025