2 0.33046875 0.409375 0.015625 0.0421875
2 0.47734375 0.32109375 0.0109375 0.0296875
3 0.8578125 0.9734375 0.03125 0.053125
2 0.26796875 0.64765625 0.025 0.0609375
2 0.25546875 0.64765625 0.0375 0.0578125
1 0.2546875 0.31796875 0.01875 0.0359375
2 0.346875 0.384375 0.0125 0.0390625
2 0.25234375 0.48203125 0.01875 0.0453125
2 0.36171875 0.42734375 0.0171875 0.046875
2 0.61796875 0.3109375 0.0140625 0.0328125
2 0.46875 0.4015625 0.01875 0.0453125
2 0.38125 0.365625 0.0171875 0.0421875
2 0.76875 0.403125 0.0125 0.0375
2 0.48828125 0.328125 0.0140625 0.0359375
2 0.58046875 0.46484375 0.015625 0.0421875
3 0.440625 0.4625 0.0171875 0.046875
2 0.1625 0.578125 0.0296875 0.0515625
2 0.396875 0.5703125 0.0234375 0.0609375
2 0.75390625 0.56484375 0.0171875 0.0484375
2 0.3375 0.5140625 0.01875 0.0578125
2 0.59609375 0.46015625 0.015625 0.05
2 0.13203125 0.6328125 0.03125 0.05625
2 0.86640625 0.6484375 0.021875 0.0609375
3 0.5296875 0.24140625 0.0125 0.0328125