2 0.3359375 0.35703125 0.0171875 0.0375
2 0.58359375 0.30390625 0.0140625 0.03125
2 0.340625 0.365625 0.0140625 0.0421875
2 0.36875 0.32109375 0.0171875 0.0328125
2 0.4875 0.30234375 0.0125 0.0296875
2 0.57890625 0.340625 0.0109375 0.0296875
2 0.684375 0.390625 0.0140625 0.0296875
2 0.73984375 0.37265625 0.0171875 0.0359375
2 0.52265625 0.3453125 0.0140625 0.0359375
1 0.1375 0.328125 0.021875 0.0453125
2 0.5046875 0.290625 0.0125 0.03125
2 0.29765625 0.3703125 0.0171875 0.040625
2 0.56640625 0.35703125 0.015625 0.0375
2 0.46875 0.37890625 0.0171875 0.040625
2 0.27265625 0.396875 0.015625 0.040625
2 0.6546875 0.6171875 0.025 0.059375
3 0.40625 0.4234375 0.0171875 0.046875
2 0.68359375 0.4890625 0.0234375 0.046875
2 0.86796875 0.47421875 0.0171875 0.0453125
2 0.43828125 0.4234375 0.01875 0.0453125
2 0.31875 0.5109375 0.01875 0.05
2 0.35078125 0.59765625 0.0265625 0.0625
3 0.440625 0.265625 0.0125 0.028125
0 0.7890625 0.43671875 0.0078125 0.0109375