2 0.2515625 0.34609375 0.01875 0.04375
2 0.2296875 0.3046875 0.021875 0.04375
2 0.8828125 0.546875 0.028125 0.0515625
2 0.13203125 0.39453125 0.028125 0.05625
2 0.45 0.334375 0.0171875 0.040625
2 0.2890625 0.340625 0.0171875 0.04375
2 0.240625 0.41953125 0.0265625 0.0609375
2 0.45078125 0.40859375 0.021875 0.053125
2 0.646875 0.34140625 0.0171875 0.040625
1 0.82109375 0.4390625 0.0203125 0.0453125
3 0.35 0.3828125 0.025 0.0515625
2 0.26328125 0.43359375 0.021875 0.0546875
2 0.4390625 0.41015625 0.01875 0.05
2 0.128125 0.44921875 0.0328125 0.071875
2 0.1640625 0.56875 0.0328125 0.075
2 0.4140625 0.646875 0.03125 0.0765625
2 0.1671875 0.484375 0.0265625 0.0671875
2 0.40390625 0.48515625 0.03125 0.059375
2 0.1359375 0.37890625 0.028125 0.05625
2 0.165625 0.30703125 0.0265625 0.053125
2 0.2515625 0.2671875 0.0234375 0.046875
3 0.19140625 0.21953125 0.0203125 0.0421875
2 0.37890625 0.26328125 0.0171875 0.0375
0 0.84296875 0.55 0.0078125 0.0125