3 0.184375 0.2328125 0.0125 0.0421875
2 0.58359375 0.22265625 0.015625 0.0484375
2 0.278125 0.24375 0.01875 0.0375
2 0.3609375 0.27578125 0.0140625 0.05
2 0.340625 0.30859375 0.015625 0.0515625
2 0.1546875 0.32578125 0.0171875 0.0578125
2 0.46796875 0.27109375 0.0140625 0.0515625
2 0.50546875 0.2953125 0.01875 0.05625
2 0.1484375 0.3828125 0.01875 0.0625
2 0.25 0.34296875 0.0171875 0.0578125
2 0.57265625 0.2796875 0.0171875 0.0515625
2 0.13359375 0.41875 0.0203125 0.06875
2 0.32890625 0.37890625 0.0203125 0.0609375
3 0.253125 0.40078125 0.0203125 0.0703125
2 0.809375 0.45078125 0.0203125 0.0796875
2 0.10859375 0.46484375 0.0234375 0.0765625
2 0.54453125 0.35859375 0.0203125 0.065625
1 0.88203125 0.278125 0.0203125 0.0578125
2 0.19140625 0.46875 0.01875 0.0703125
2 0.46953125 0.4359375 0.0234375 0.0703125
2 0.4140625 0.71640625 0.028125 0.1015625
2 0.140625 0.58125 0.0296875 0.0859375
0 0.57265625 0.29921875 0.00625 0.0125
2 0.35 0.21796875 0.0140625 0.04375