2 0.56171875 0.30859375 0.01875 0.0328125
3 0.3390625 0.2453125 0.0171875 0.0375
2 0.4640625 0.29765625 0.015625 0.0296875
2 0.4359375 0.29609375 0.0234375 0.0359375
3 0.5125 0.35703125 0.0171875 0.0421875
2 0.61171875 0.34453125 0.0171875 0.0390625
2 0.440625 0.31640625 0.0203125 0.0421875
2 0.4671875 0.3609375 0.021875 0.0484375
2 0.63046875 0.34921875 0.0171875 0.0421875
2 0.34453125 0.31171875 0.0203125 0.046875
2 0.54921875 0.37421875 0.0203125 0.0453125
1 0.99375 0.48046875 0.0125 0.0515625
2 0.22890625 0.2953125 0.0203125 0.0484375
2 0.22890625 0.365625 0.028125 0.0578125
2 0.6546875 0.4828125 0.025 0.0609375
2 0.4546875 0.39296875 0.0234375 0.0515625
2 0.43515625 0.39921875 0.0265625 0.0578125
2 0.69765625 0.46875 0.025 0.0609375
2 0.66484375 0.54609375 0.03125 0.0640625
2 0.2578125 0.540625 0.0375 0.0828125
2 0.778125 0.76328125 0.0421875 0.0984375
2 0.44375 0.296875 0.01875 0.0359375
0 0.45703125 0.290625 0.00625 0.009375
2 0.53671875 0.3 0.01875 0.0359375
3 0.803125 0.84609375 0.0546875 0.1125