2 0.39140625 0.37734375 0.0125 0.0328125
2 0.5921875 0.4203125 0.01875 0.0359375
2 0.2875 0.40859375 0.015625 0.0453125
3 0.4171875 0.43359375 0.01875 0.0421875
2 0.4421875 0.38828125 0.0140625 0.0328125
1 0.76328125 0.43359375 0.0140625 0.03125
2 0.6078125 0.47109375 0.0203125 0.0421875
2 0.653125 0.54765625 0.028125 0.053125
2 0.23359375 0.40546875 0.015625 0.046875
3 0.775 0.64921875 0.034375 0.065625
2 0.55234375 0.46328125 0.0203125 0.04375
2 0.478125 0.5109375 0.01875 0.053125
2 0.646875 0.5140625 0.021875 0.0515625
2 0.33671875 0.471875 0.021875 0.0546875
2 0.5015625 0.51875 0.0171875 0.046875
2 0.58984375 0.57578125 0.021875 0.05625
2 0.3546875 0.4859375 0.0234375 0.053125
2 0.51875 0.49921875 0.0203125 0.053125
2 0.28203125 0.59453125 0.0265625 0.0703125
2 0.14140625 0.5265625 0.021875 0.0625
2 0.3453125 0.60703125 0.028125 0.071875
2 0.590625 0.45625 0.01875 0.0390625
2 0.609375 0.4296875 0.0171875 0.0359375
3 0.253125 0.29140625 0.0125 0.03125