2 0.44453125 0.32890625 0.0140625 0.0390625
2 0.41796875 0.3296875 0.0140625 0.0390625
3 0.46796875 0.3578125 0.0140625 0.04375
2 0.31171875 0.36015625 0.0125 0.0453125
2 0.18203125 0.43984375 0.0125 0.0546875
2 0.5640625 0.35234375 0.0109375 0.0453125
2 0.59453125 0.34921875 0.0125 0.046875
2 0.21171875 0.37890625 0.0109375 0.046875
1 0.959375 0.33828125 0.0140625 0.0515625
2 0.3703125 0.38515625 0.0140625 0.05
2 0.509375 0.39765625 0.0125 0.0484375
2 0.33984375 0.428125 0.0140625 0.0546875
2 0.66796875 0.41328125 0.015625 0.059375
2 0.36640625 0.44296875 0.0140625 0.059375
2 0.25234375 0.62421875 0.01875 0.0828125
2 0.63984375 0.4609375 0.01875 0.065625
2 0.71796875 0.52265625 0.01875 0.065625
2 0.8140625 0.68359375 0.028125 0.1
3 0.91015625 0.725 0.040625 0.1015625
3 0.24765625 0.3015625 0.0109375 0.0359375
2 0.31796875 0.325 0.0125 0.034375
2 0.3421875 0.32265625 0.0171875 0.0375
0 0.3921875 0.3421875 0.0046875 0.0109375
2 0.51171875 0.28671875 0.0140625 0.0375
2 0.55703125 0.30078125 0.0140625 0.0359375